round date num1 num2 num3 num4 num5 num6 bonus winnernum price carryover
2089    2026/3/30   09  16  18  32  37  43  13  0   0   236800230
2088    2026/3/26   08  16  18  27  37  39  29  3   85315200    0
2087    2026/3/23   07  10  15  18  26  39  13  1   600000000   0
2086    2026/3/19   04  11  19  28  39  40  06  0   0   377168743
2085    2026/3/16   06  08  13  26  35  43  14  1   600000000   0
2084    2026/3/12   08  17  18  19  30  39  09  0   0   462516068
2083    2026/3/9    08  10  13  17  26  29  43  0   0   210243220
2082    2026/3/5    05  11  14  19  25  40  17  2   266807600   0
2081    2026/3/2    14  31  32  37  41  42  22  0   0   247024989
2080    2026/2/26   06  12  30  36  37  38  08  1   455170700   0
2079    2026/2/23   05  11  15  17  24  39  31  0   0   207185202
2078    2026/2/19   01  10  20  24  30  35  41  1   495292100   0
2077    2026/2/16   17  18  23  24  26  43  10  0   0   238876055
2076    2026/2/12   01  09  20  22  28  41  30  5   94842000    0
2075    2026/2/9    07  10  14  16  35  37  11  0   0   222215112
2074    2026/2/5    05  06  16  26  27  36  11  4   281563500   0
2073    2026/2/2    02  12  14  24  26  29  08  0   0   826984918
2072    2026/1/29   08  18  24  36  40  42  43  0   0   538049454
2071    2026/1/26   15  24  29  32  33  35  14  0   0   273871384
2070    2026/1/22   06  10  25  30  34  36  12  1   200000000   0
2069    2026/1/19   06  17  23  27  33  35  04  9   86819200    0
2068    2026/1/15   02  10  13  14  29  33  32  0   0   484491749
2067    2026/1/12   03  04  12  15  32  42  31  0   0   221877669
2066    2026/1/8    08  28  30  32  37  38  05  1   542887200   0
2065    2026/1/5    06  18  21  31  37  40  03  0   0   259218384
2064    2025/12/29  02  07  24  37  39  41  03  1   600000000   0
2063    2025/12/25  04  28  29  30  38  42  15  0   0   313298859
2062    2025/12/22  01  09  18  24  35  42  08  1   200000000   0
2061    2025/12/18  05  06  13  21  33  34  40  1   276436400   0
2060    2025/12/15  08  16  22  40  41  42  10  1   200000000   0
2059    2025/12/11  02  13  26  28  38  43  03  2   110548300   0
2058    2025/12/8   09  12  14  16  19  42  18  2   115587500   0
2057    2025/12/4   05  07  21  22  38  41  24  3   217303700   0
2056    2025/12/1   03  07  15  17  19  30  38  1   600000000   0
2055    2025/11/27  11  12  14  17  21  26  02  0   0   600000000 
2054    2025/11/24  01  14  27  30  33  37  23  1   600000000   0
2053    2025/11/20  20  28  31  35  37  41  13  0   0   0
2052    2025/11/17  01  03  18  25  30  34  10  0   0   0
2051    2025/11/13  03  15  27  28  31  39  20  2   600000000   0
2050    2025/11/10  06  11  15  21  25  32  05  0   0   
2049    2025/11/6   10  24  25  39  40  42  19  0   0   2億
2048    2025/11/3   08  13  18  32  37  43  27  0   0   2億
2047    2025/10/30  10  11  16  19  37  39  27  0   0   2億
2046    2025/10/27  02  05  10  22  25  38  14  3   65800600    0
2045    2025/10/23  01  04  07  12  16  28  19  3   239377600   0
2044    2025/10/20  01  06  11  26  33  40  14  0   該当なし    2億
2043    2025/10/16  11  19  22  34  40  42  31  0   該当なし    2億   
2042    2025/10/13  09  14  29  38  41  43  12  1   470308700   0
2041    2025/10/9   04  19  22  24  32  38  11  0   該当なし    2億
2040    2025/10/6   07  12  14  15  24  30  32  1   474998900   0
2039	2025/10/2   02  15  25  27  38  42  22  0   該当なし    2億
2038    2025/9/28   05  31  37  39  41  42  33  1   468137300   0
2037	2025/9/25	07	12	20	23	27	29	10	0	該当なし	2億
2036	2025/9/22	07	10	17	26	35	42	33	1	4億5461万	0
2035	2025/9/18	05	10	12	17	21	35	09	0	該当なし	2億
2034	2025/9/15	02	13	22	25	35	37	17	2	1億615万	0
2033	2025/9/11	05	16	21	22	33	35	26	3	8509万	0
2032	2025/9/8	08	15	27	33	37	39	31	1	2億	2千万
2031	2025/9/4	02	03	16	20	23	29	27	3	1億9418万	0
2030	2025/9/1	03	07	28	29	32	36	13	0	該当なし	3億
2029	2025/8/28	07	21	31	36	40	43	41	1	4億8805万	8千万
2028	2025/8/25	06	10	12	19	21	42	16	0	該当なし	2億
2027	2025/8/21	05	12	18	23	34	39	13	1	2億	1百万
2026	2025/8/18	02	05	08	11	20	26	28	6	7163万	0
2025	2025/8/14	12	18	26	28	41	43	35	0	該当なし	2億
2024	2025/8/11	10	13	16	29	34	42	21	2	1億3066万	0
2023	2025/8/7	01	20	28	29	31	43	05	1	2億	3千万
2022	2025/8/4	02	03	18	26	31	33	30	2	3億7090万	0
2021	2025/7/31	02	17	22	29	30	43	31	0	該当なし	5億
2020	2025/7/28	05	21	23	28	38	39	32	0	該当なし	2億
2019	2025/7/24	07	13	14	21	39	42	09	2	1億985万	0
2018	2025/7/21	01	02	14	21	22	33	37	2	1億218万	0
2017	2025/7/17	02	04	11	22	24	35	08	3	1億4861万	0
2016	2025/7/14	10	13	27	31	40	42	01	0	該当なし	2億
2015	2025/7/10	06	08	13	16	20	23	26	4	5600万	0
2014	2025/7/7	07	11	21	24	29	34	40	1	2億	2千万
2013	2025/7/3	07	12	30	31	39	43	42	2	1億4454万	0
2012	2025/6/29	01	14	20	36	38	41	30	1	2億	5千万
2011	2025/6/26	12	14	18	24	30	42	04	1	4億8208万	0
2010	2025/6/23	09	15	24	29	31	40	13	0	該当なし	2億
2009	2025/6/19	08	17	20	35	36	40	12	2	1億1061万	0
2008	2025/6/16	05	08	09	17	22	36	30	1	2億1298万	0
2007	2025/6/12	06	18	23	24	30	35	38	1	2億	2百万
2006	2025/6/9	04	07	19	22	26	28	33	2	3億6676万	0
2005	2025/6/5	03	07	18	27	33	34	06	0	該当なし	5億
2004	2025/6/2	16	18	25	27	31	36	07	0	該当なし	2億
2003	2025/5/29	01	05	10	13	35	40	39	5	2億7202万	0
2002	2025/5/26	01	17	19	23	36	42	15	0	該当なし	11億
2001	2025/5/22	13	21	24	26	34	36	20	1	6億	8億
2000	2025/5/19	01	02	16	21	25	35	22	0	該当なし	11億
1999	2025/5/15	17	31	34	35	36	38	02	0	該当なし	8億
1998	2025/5/12	01	04	06	09	20	43	21	0	該当なし	5億
1997	2025/5/8	05	16	17	28	36	40	14	0	該当なし	2億
1996	2025/5/5	06	17	26	28	33	34	20	2	1億565万	0
1995	2025/5/1	02	04	08	26	27	37	19	3	6653万	0
1994	2025/4/28	10	11	13	16	24	26	12	1	2億4375万	0
1993	2025/4/24	07	12	13	35	37	42	31	1	2億	1千万
1992	2025/4/21	09	11	18	21	27	34	13	2	1億759万	0
1991	2025/4/17	01	05	12	16	17	40	04	2	3億3315万	0
1990	2025/4/14	06	09	15	19	24	40	30	1	6億	4億
1989	2025/4/10	15	17	23	29	35	43	08	0	該当なし	7億
1988	2025/4/7	06	20	23	24	33	35	27	1	6億	4億
1987	2025/4/3	08	12	25	28	32	42	27	1	6億	8億
1986	2025/3/31	14	20	29	31	41	42	24	0	該当なし	11億
1985	2025/3/27	01	30	36	37	41	43	33	0	該当なし	7億
1984	2025/3/24	04	19	28	29	34	40	03	1	6億	5億
1983	2025/3/20	03	18	31	36	37	40	23	0	該当なし	7億
1982	2025/3/17	20	21	23	28	32	34	06	0	該当なし	5億
1981	2025/3/13	05	10	15	17	29	41	30	0	該当なし	2億
1980	2025/3/10	01	02	13	19	35	41	03	2	2億8824万	0
1979	2025/3/6	15	18	19	21	37	40	17	0	該当なし	3億
1978	2025/3/3	23	25	26	30	34	35	12	1	2億	5千万
1977	2025/2/27	04	14	20	28	29	34	30	7	3716万	0
1976	2025/2/24	04	06	22	30	33	36	02	1	2億	2千万
1975	2025/2/20	11	13	15	20	35	42	19	3	2億5405万	0
1974	2025/2/17	02	06	13	21	24	30	43	0	該当なし	5億
1973	2025/2/13	07	10	14	27	28	32	04	0	該当なし	2億
1972	2025/2/10	03	14	27	28	32	36	12	2	2億3209万	0
1971	2025/2/6	02	06	09	26	32	36	23	0	該当なし	2億
1970	2025/2/3	11	26	27	31	36	37	42	1	4億7398万	0
1969	2025/1/30	03	07	12	13	35	38	24	0	該当なし	2億
1968	2025/1/27	06	13	15	22	35	41	37	1	4億6706万	0
1967	2025/1/23	03	04	22	26	29	35	37	0	該当なし	2億
1966	2025/1/20	04	12	25	29	34	36	32	2	2億4522万	0
1965	2025/1/16	17	18	20	23	33	43	19	0	該当なし	2億
1964	2025/1/13	02	05	28	33	35	36	34	2	3億8076万	0
1963	2025/1/9	03	04	20	29	35	38	06	0	該当なし	5億
1962	2025/1/6	04	08	19	22	32	37	26	0	該当なし	2億
1961	2024/12/30	11	12	27	28	38	43	10	3	9935万	0
1960	2024/12/26	10	22	27	28	31	32	08	1	2億	5千万
1959	2024/12/23	19	20	36	40	41	43	22	1	4億5364万	0
1958	2024/12/19	01	15	16	20	21	25	19	1	6億	2億
1957	2024/12/16	03	04	05	13	34	42	18	1	6億	5億
1956	2024/12/12	02	19	21	24	35	42	17	0	該当なし	7億
1955	2024/12/9	11	19	26	28	29	36	01	0	該当なし	5億
1954	2024/12/5	02	10	15	25	35	37	22	0	該当なし	2億
1953	2024/12/2	19	23	29	33	36	40	27	1	2億7908万	0
1952	2024/11/28	24	25	31	32	34	40	12	1	2億	3千万
1951	2024/11/25	01	03	06	23	28	35	14	1	5億14万	0
1950	2024/11/21	09	20	26	28	30	42	06	0	該当なし	3億
1949	2024/11/18	12	13	17	28	37	43	27	1	2億	2千万
1948	2024/11/14	18	29	30	38	39	43	40	2	3億7766万	0
1947	2024/11/11	10	24	30	36	37	41	05	0	該当なし	5億
1946	2024/11/7	08	09	11	27	36	38	18	0	該当なし	2億
1945	2024/11/4	01	02	04	14	27	43	41	2	1億403万	0
1944	2024/10/31	06	11	21	33	39	42	18	2	1億542万	0
1943	2024/10/28	10	11	17	25	34	38	09	2	2億3160万	0
1942	2024/10/24	01	16	18	26	27	35	29	0	該当なし	2億
1941	2024/10/21	02	12	13	21	23	43	39	1	2億4599万	0
1940	2024/10/17	02	14	15	25	26	42	09	1	2億	2千万
1939	2024/10/14	10	22	26	27	29	37	41	2	1億2224万	0
1938	2024/10/10	05	09	14	32	39	41	24	1	2億	2千万
1937	2024/10/7	01	09	26	28	31	38	08	2	3億9129万	0
1936	2024/10/3	01	06	19	29	33	35	26	0	該当なし	5億
1935	2024/9/30	03	08	12	14	17	40	02	0	該当なし	2億
1934	2024/9/26	06	13	16	20	27	41	30	1	2億	２千万
1933	2024/9/23	03	07	09	10	12	30	16	3	5706万	0
1932	2024/9/19	01	05	16	20	24	31	29	1	2億4721万	0
1931	2024/9/16	09	23	27	30	33	41	04	1	2億	2千万
1930	2024/9/12	05	10	19	23	29	37	11	3	3億1333万	0
1929	2024/9/9	07	10	12	20	40	43	04	0	該当なし	7億
1928	2024/9/5	02	18	20	24	26	29	22	0	該当なし	4億
1927	2024/9/2	02	11	18	26	32	36	10	1	6億	1億
1926	2024/8/29	10	13	18	24	34	37	01	0	該当なし	5億
1925	2024/8/26	05	09	11	18	34	37	22	0	該当なし	2億
1924	2024/8/22	07	16	18	25	26	27	17	2	3億5652万	0
1923	2024/8/19	06	07	18	30	34	37	03	0	該当なし	5億
1922	2024/8/15	03	11	22	31	33	35	13	0	該当なし	2億
1921	2024/8/12	01	02	13	25	33	41	31	1	2億	4百万
1920	2024/8/8	06	10	22	23	31	36	37	2	1億60万	0
1919	2024/8/5	05	17	19	21	38	41	06	3	7099万	0
1918	2024/8/1	03	04	05	06	18	20	11	6	3764万	0
1917	2024/7/29	03	12	14	29	30	33	21	1	2億	2千万
1916	2024/7/25	05	13	18	23	30	39	33	1	4億4250万	0
1915	2024/7/22	04	10	14	19	24	40	15	0	該当なし	2億
1914	2024/7/18	04	10	22	24	36	38	08	2	1億672万	0
1913	2024/7/15	02	05	22	23	29	33	17	2	3億4719万	0
1912	2024/7/11	01	11	24	29	33	34	04	0	該当なし	5億
1911	2024/7/8	04	08	09	14	16	41	15	0	該当なし	2億
1910	2024/7/4	02	08	24	29	30	31	06	1	3億3291万	0
1909	2024/7/1	03	05	07	08	22	27	28	1	6億	1億
1908	2024/6/27	03	09	21	25	42	43	36	0	該当なし	5億
1907	2024/6/24	10	14	21	23	24	40	28	0	該当なし	2億
1906	2024/6/20	01	08	21	22	30	42	24	3	7084万	0
1905	2024/6/17	04	05	17	20	29	30	40	4	1億1500万	0
1904	2024/6/13	14	21	23	24	28	36	07	0	該当なし	2億
1903	2024/6/10	18	19	23	25	27	32	20	2	1億1001万	0
1902	2024/6/6	04	07	15	18	35	40	12	1	3億7596万	0
1901	2024/6/3	14	15	26	28	33	37	04	1	6億	1億
1900	2024/5/30	03	09	29	30	39	42	23	0	該当なし	5億
1899	2024/5/27	02	04	09	19	33	36	03	0	該当なし	2億
1898	2024/5/23	05	19	23	26	31	42	32	3	2億4181万	0
1897	2024/5/20	07	23	27	30	34	36	28	0	該当なし	5億
1896	2024/5/16	05	12	15	16	28	40	01	0	該当なし	2億
1895	2024/5/13	06	18	29	33	35	40	01	2	2億4741万	0
1894	2024/5/9	19	29	36	37	41	42	35	0	該当なし	2億
1893	2024/5/6	25	31	33	35	37	42	16	2	3億1073万	0
1892	2024/5/2	07	08	09	19	22	38	24	1	6億	3億
1891	2024/4/29	02	16	23	38	40	43	33	0	該当なし	7億
1890	2024/4/25	17	21	29	34	41	42	02	0	該当なし	4億
1889	2024/4/22	07	15	21	27	28	32	24	1	6億	1億
1888	2024/4/18	04	05	06	28	29	39	07	0	該当なし	5億
1887	2024/4/15	05	07	15	18	36	37	20	0	該当なし	2億
1886	2024/4/11	01	06	19	25	33	39	15	2	1億566万	0
1885	2024/4/8	02	06	07	16	17	41	32	1	4億8981万	0
1884	2024/4/4	20	25	29	36	38	42	19	0	該当なし	2億
1883	2024/4/1	03	11	24	25	28	32	05	1	2億3008万	0
1882	2024/3/28	03	06	11	25	36	43	10	1	2億	4百万
1881	2024/3/25	02	09	22	31	33	35	30	2	2億7508万	0
1880	2024/3/21	09	14	21	31	33	43	30	0	該当なし	3億
1879	2024/3/18	01	08	14	27	29	37	06	1	2億	3千万
1878	2024/3/14	06	08	12	18	32	38	39	2	3億6891万	0
1877	2024/3/11	01	11	13	16	21	37	06	0	該当なし	5億
1876	2024/3/6	04	07	17	31	38	43	30	0	該当なし	2億
1875	2024/3/4	11	15	16	24	38	39	29	3	1億6630万	0
1874	2024/2/29	13	31	33	36	41	43	29	0	該当なし	2億
1873	2024/2/26	06	15	26	33	39	41	42	2	1億3172万	0
1872	2024/2/22	03	18	20	25	34	40	31	1	2億	3千万
1871	2024/2/19	07	13	22	24	38	42	14	2	2億5407万	0
1870	2024/2/15	05	09	13	23	25	40	27	0	該当なし	2億
1869	2024/2/12	07	08	16	28	36	37	29	1	2億	2千万
1868	2024/2/8	03	07	22	23	24	32	02	2	1億192万	0
1867	2024/2/5	01	06	17	28	40	42	04	1	5億400万	0
1866	2024/2/1	08	19	21	29	38	40	12	0	該当なし	2億
1865	2024/1/29	03	05	18	21	26	36	34	3	7376万	0
1864	2024/1/25	14	22	28	34	41	42	11	1	5億7419万	0
1863	2024/1/22	15	20	24	37	38	39	27	0	該当なし	3億
1862	2024/1/18	25	27	33	37	38	43	16	1	2億	4千万
1861	2024/1/15	02	12	13	27	39	40	30	2	2億8283万	0
1860	2024/1/11	08	15	20	21	31	34	28	2	6億	3億
1859	2024/1/8	01	04	11	28	37	39	15	0	該当なし	11億
1858	2024/1/4	12	13	17	22	35	40	05	0	該当なし	8億
1857	2023/12/28	11	16	20	23	38	41	33	0	該当なし	5億
1856	2023/12/25	04	10	19	31	34	35	43	1	6億	2億
1855	2023/12/21	21	24	26	30	31	38	03	0	該当なし	5億
1854	2023/12/18	07	08	12	25	30	32	40	0	該当なし	2億
1853	2023/12/14	11	13	24	26	28	34	17	2	5億4875万	0
1852	2023/12/11	15	16	24	26	35	43	38	0	該当なし	8億
1851	2023/12/7	08	09	10	16	17	39	04	0	該当なし	5億
1850	2023/12/4	01	08	23	30	36	41	39	0	該当なし	2億
1849	2023/11/30	11	15	17	33	36	41	06	1	2億6284万	0
1848	2023/11/27	03	23	26	27	31	35	10	1	2億	3千万
1847	2023/11/23	18	22	25	35	36	39	43	1	5億553万	0
1846	2023/11/20	06	08	15	16	33	37	34	0	該当なし	3億
1845	2023/11/16	10	22	25	30	31	39	28	1	2億	2千万
1844	2023/11/13	12	15	28	31	34	43	09	1	4億7507万	0
1843	2023/11/9	04	05	10	19	26	37	03	0	該当なし	2億
1842	2023/11/6	04	06	09	24	26	29	35	7	5261万	0
1841	2023/11/2	08	11	15	31	33	38	30	1	6億	1億
1840	2023/10/30	04	09	15	21	26	33	13	0	該当なし	5億
1839	2023/10/26	02	05	26	32	34	40	21	0	該当なし	2億
1838	2023/10/23	03	13	23	28	30	43	05	3	1億6507万	0
1837	2023/10/19	16	17	27	34	38	42	20	0	該当なし	2億
1836	2023/10/16	13	17	18	22	23	41	26	2	3億9923万	0
1835	2023/10/12	11	20	23	24	31	33	01	0	該当なし	5億
1834	2023/10/9	14	21	30	38	40	42	20	0	該当なし	3億
1833	2023/10/5	07	13	34	37	42	43	38	1	2億	3千万
1832	2023/10/2	02	07	20	25	35	40	06	3	7945万	0
1831	2023/9/28	01	14	17	27	32	43	42	2	2億4596万	0
1830	2023/9/25	04	10	23	29	31	36	06	0	該当なし	2億
1829	2023/9/21	12	15	16	17	28	42	32	1	3億5136万	0
1828	2023/9/18	01	06	09	16	18	22	08	1	6億	1億
1827	2023/9/14	01	13	18	23	38	41	36	0	該当なし	5億
1826	2023/9/11	07	14	18	19	22	25	38	0	該当なし	2億
1825	2023/9/7	01	10	13	17	20	41	04	2	1億1415万	0
1824	2023/9/4	06	07	13	18	25	43	33	1	5億1696万	0
1823	2023/8/31	04	10	18	25	34	38	40	0	該当なし	3億
1822	2023/8/28	05	18	21	22	26	42	08	1	2億	2千万
1821	2023/8/24	09	11	12	14	27	38	34	2	3億6613万	0
1820	2023/8/21	05	10	30	35	36	41	23	0	該当なし	5億
1819	2023/8/17	05	08	18	20	24	34	29	0	該当なし	2億
1818	2023/8/14	02	11	23	25	34	36	01	3	3億3801万	0
1817	2023/8/10	06	24	30	33	37	38	07	0	該当なし	7億
1816	2023/8/7	02	21	25	34	35	40	06	0	該当なし	5億
1815	2023/8/3	03	08	10	25	26	29	32	0	該当なし	2億
1814	2023/7/31	01	02	13	21	23	31	05	3	1億5951万	0
1813	2023/7/27	05	22	26	34	39	42	12	0	該当なし	2億
1812	2023/7/24	10	13	18	28	36	39	07	2	3億7289万	0
1811	2023/7/20	02	04	06	13	20	38	33	0	該当なし	5億
1810	2023/7/17	04	17	26	30	31	43	25	0	該当なし	2億
1809	2023/7/13	02	05	10	22	24	42	07	1	2億5571万	0
1808	2023/7/10	02	10	27	38	40	41	11	1	2億	4千万
1807	2023/7/6	01	02	08	09	10	20	25	6	1億8225万	0
1806	2023/7/3	11	30	35	38	40	43	12	0	該当なし	8億
1805	2023/6/29	04	22	27	31	32	40	35	0	該当なし	5億
1804	2023/6/26	12	14	18	25	36	42	26	0	該当なし	2億
1803	2023/6/22	09	16	18	19	39	41	03	2	3億8160万	0
1802	2023/6/19	01	09	34	35	39	42	33	1	6億！	5億
1801	2023/6/15	18	25	26	37	39	43	21	0	該当なし	8億
1800	2023/6/12	06	12	13	15	17	41	27	0	該当なし	5億
1799	2023/6/8	11	18	34	40	41	42	14	0	該当なし	2億
1798	2023/6/5	04	05	19	32	34	37	41	1	5億3776万	0
1797	2023/6/1	15	23	26	34	41	43	32	0	該当なし	3億
1796	2023/5/29	02	05	15	16	23	26	32	1	6億！	2千万
1795	2023/5/25	26	30	31	35	41	43	05	0	該当なし	4億
1794	2023/5/22	24	29	32	35	36	40	39	1	2億	1億
1793	2023/5/18	01	06	14	15	23	24	42	1	4億7100万	0
1792	2023/5/15	01	04	16	31	32	41	30	0	該当なし	2億
1791	2023/5/11	08	09	18	19	30	36	17	1	2億5822万	0
1790	2023/5/8	06	14	18	22	29	30	36	1	2億	3千万
1789	2023/5/4	06	09	16	26	29	34	36	2	1億493万	0
1788	2023/5/1	03	14	16	19	26	39	09	3	9457万	0
1787	2023/4/27	02	13	17	19	41	43	01	1	2億	4千万
1786	2023/4/24	02	05	06	26	33	35	13	3	7485万	0
1785	2023/4/20	04	11	24	35	37	42	07	2	2億5910万	0
1784	2023/4/17	03	19	30	32	36	40	42	0	該当なし	3億
1783	2023/4/13	05	14	19	23	30	42	35	3	3億9838万	0
1782	2023/4/10	07	31	32	36	39	42	34	0	該当なし	9億
1781	2023/4/6	10	18	32	39	41	42	12	1	6億！	6億
1780	2023/4/3	01	05	19	26	35	37	32	0	該当なし	9億
1779	2023/3/30	11	13	20	33	35	40	34	0	該当なし	6億
1778	2023/3/27	09	19	24	25	26	39	34	0	該当なし	3億
1777	2023/3/23	05	16	19	21	30	35	11	1	2億	4千万
1776	2023/3/20	05	11	18	25	33	38	32	8	9935万	0
1775	2023/3/16	04	05	09	26	27	29	43	1	6億！	5億
1774	2023/3/13	17	18	26	30	36	40	03	0	該当なし	8億
1773	2023/3/9	12	21	22	27	31	32	20	0	該当なし	5億
1772	2023/3/6	05	21	22	30	32	36	16	0	該当なし	3億
1771	2023/3/2	03	06	12	16	31	42	40	1	2億	2千万
1770	2023/2/27	01	11	18	24	37	43	28	2	3億9840万	0
1769	2023/2/23	04	11	15	19	28	32	34	0	該当なし	5億
1768	2023/2/20	06	21	30	32	39	40	34	0	該当なし	3億
1767	2023/2/16	07	15	17	21	32	35	43	2	4億1117万	0
1766	2023/2/13	16	19	25	26	35	43	38	1	6億！	5億
1765	2023/2/9	01	10	15	19	20	32	06	0	該当なし	8億
1764	2023/2/6	16	21	26	31	39	42	41	0	該当なし	5億
1763	2023/2/2	02	06	20	30	31	41	11	0	該当なし	2億
1762	2023/1/30	01	06	07	20	37	40	10	2	2億1130万	0
1761	2023/1/26	05	07	13	21	23	30	42	1	6億！	2億
1760	2023/1/23	08	14	18	38	39	42	30	0	該当なし	5億
1759	2023/1/19	01	10	25	27	28	33	15	0	該当なし	2億
1758	2023/1/16	07	14	28	32	42	43	17	2	1億4379万	0
1757	2023/1/12	06	12	15	35	36	39	42	1	2億	3千万
1756	2023/1/9	19	25	29	36	37	41	02	3	9029万	0
1755	2023/1/5	04	11	13	26	27	36	15	1	4億9271万	0
1754	2022/12/29	03	06	07	19	35	39	21	0	該当なし	2億
1753	2022/12/26	01	02	04	09	22	25	38	4	1億2020万	0
1752	2022/12/22	02	05	15	20	22	36	08	0	該当なし	2億
1751	2022/12/19	01	12	21	24	29	42	32	2	1億4579万	0
1750	2022/12/15	03	15	18	21	34	40	01	1	2億	4千万
1749	2022/12/12	01	04	13	17	31	34	18	1	4億9612万	0
1748	2022/12/8	08	11	23	28	36	39	06	2	6億！	2億
1747	2022/12/5	01	09	11	14	15	40	32	0	該当なし	11億
1746	2022/12/1	03	11	14	22	27	32	31	0	該当なし	8億
1745	2022/11/28	07	09	10	21	39	40	32	0	該当なし	5億
1744	2022/11/24	01	08	21	25	26	35	20	0	該当なし	2億
1743	2022/11/21	03	17	18	19	20	42	09	1	5億2568万	0
1742	2022/11/17	16	20	22	29	33	40	25	0	該当なし	2億
1741	2022/11/14	04	14	17	19	22	42	06	2	2億8213万	0
1740	2022/11/10	14	21	24	27	31	38	05	0	該当なし	3億
1739	2022/11/7	01	07	12	36	37	39	41	1	2億	5千万
1738	2022/11/3	07	12	20	31	33	43	14	3	1億6808万	0
1737	2022/10/31	12	14	22	24	29	33	03	0	該当なし	2億
1736	2022/10/27	06	09	25	26	27	32	11	4	1億2370万	0
1735	2022/10/24	01	21	24	33	40	41	12	0	該当なし	2億
1734	2022/10/20	05	06	11	19	28	35	42	2	1億313万	0
1733	2022/10/17	22	24	25	27	29	39	07	1	5億1676万	0
1732	2022/10/13	03	18	19	34	38	42	14	0	該当なし	2億
1731	2022/10/10	03	07	19	21	32	35	06	3	7112万	0
1730	2022/10/6	04	08	16	21	22	26	23	2	2億3136万	0
1729	2022/10/3	11	15	24	25	28	31	09	0	該当なし	2億
1728	2022/9/29	04	08	14	18	26	38	03	2	1億658万	0
1727	2022/9/26	03	13	16	22	33	42	15	2	2億5465万	0
1726	2022/9/22	09	14	16	21	27	43	26	0	該当なし	2億
1725	2022/9/19	02	10	16	17	20	28	01	1	2億	7百万
1724	2022/9/15	06	09	24	26	33	37	16	2	2億3795万	0
1723	2022/9/12	06	10	15	16	30	38	26	0	該当なし	2億
1722	2022/9/8	02	05	30	33	36	42	28	2	1億1741万	0
1721	2022/9/5	07	08	14	17	22	39	30	4	5637万	0
1720	2022/9/1	01	05	18	25	32	38	20	2	1億1219万	0
1719	2022/8/29	04	11	15	16	35	39	36	3	1億6359万	0
1718	2022/8/25	01	06	09	15	18	38	10	0	該当なし	2億
1717	2022/8/22	15	21	23	24	33	36	40	1	5億527万	0
1716	2022/8/18	02	26	27	32	38	42	09	0	該当なし	2億
1715	2022/8/15	02	06	15	16	32	37	25	5	3億4052万	0
1714	2022/8/11	11	15	20	26	33	42	16	0	該当なし	14億
1713	2022/8/8	06	32	38	39	40	42	37	0	該当なし	11億
1712	2022/8/4	01	05	15	24	25	28	14	0	該当なし	8億
1711	2022/8/1	03	32	33	34	35	40	05	0	該当なし	5億
1710	2022/7/28	01	02	21	27	32	37	14	0	該当なし	2億
1709	2022/7/25	03	04	07	20	22	41	05	1	4億9625万	0
1708	2022/7/21	01	20	29	35	40	41	16	0	該当なし	2億
1707	2022/7/18	14	16	28	34	35	36	26	1	4億8969万	0
1706	2022/7/14	13	15	32	35	37	38	25	0	該当なし	2億
1705	2022/7/11	03	06	09	28	37	41	05	2	2億7216万	0
1704	2022/7/7	01	05	18	26	39	40	31	0	該当なし	3億
1703	2022/7/4	14	22	23	30	33	38	18	1	2億	5千万
1702	2022/6/30	02	06	07	18	27	38	14	1	1億9835万	0
1701	2022/6/27	05	08	27	30	33	39	10	3	1億6844万	0
1700	2022/6/23	11	19	20	27	31	35	06	0	該当なし	2億
1699	2022/6/20	04	06	16	27	39	42	01	1	5億720万	0
1698	2022/6/16	06	16	18	33	42	43	11	0	該当なし	2億
1697	2022/6/13	02	03	11	12	22	35	26	1	5億1652万	0
1696	2022/6/9	02	04	13	18	32	35	12	0	該当なし	3億
1695	2022/6/6	03	08	14	18	28	37	39	1	2億	2千万
1694	2022/6/2	02	12	14	26	32	37	29	1	2億6787万	0
1693	2022/5/30	07	08	21	23	34	36	11	1	2億	3千万
1692	2022/5/26	04	08	17	31	37	42	14	1	5億2078万	0
1691	2022/5/23	13	16	18	29	33	41	26	0	該当なし	2億
1690	2022/5/19	08	16	21	23	29	37	38	3	7236万	0
1689	2022/5/16	04	07	21	22	34	42	31	5	4833万	0
1688	2022/5/12	02	04	10	24	34	42	08	3	1億7384万	0
1687	2022/5/9	20	21	23	26	29	35	22	0	該当なし	3億
1686	2022/5/5	07	08	09	23	25	41	11	2	1億269万	0
1685	2022/5/2	01	26	27	28	33	37	08	1	3億3207万	0
1684	2022/4/28	05	10	26	30	34	40	31	1	2億	5千万
1683	2022/4/25	06	15	28	30	32	43	21	3	5億2669万	0
1682	2022/4/21	06	09	10	21	33	41	14	0	該当なし	12億
1681	2022/4/18	01	07	11	13	15	42	33	0	該当なし	8億
1680	2022/4/14	04	19	29	32	35	42	25	0	該当なし	5億
1679	2022/4/11	10	12	13	21	31	41	27	0	該当なし	2億
1678	2022/4/7	03	15	17	21	22	23	13	2	1億988万	0
1677	2022/4/4	11	20	26	31	34	38	32	3	2億563万	0
1676	2022/3/31	05	13	21	27	31	36	11	0	該当なし	3億
1675	2022/3/28	02	03	17	27	28	34	06	1	2億	6千万
1674	2022/3/24	14	19	25	29	33	43	31	1	5億2255	0
1673	2022/3/21	24	33	35	36	41	43	21	0	該当なし	2億
1672	2022/3/17	06	17	22	27	37	42	34	2	1億1436	0
1671	2022/3/14	16	27	37	38	39	43	10	1	5億4931	0
1670	2022/3/10	01	16	20	23	32	37	18	0	該当なし	2億
1669	2022/3/7	02	04	13	14	22	29	26	2	3億639万	0
1668	2022/3/3	05	16	21	24	31	34	29	1	6億！	3億
1667	2022/2/28	05	08	18	25	40	43	17	0	該当なし	6億
1666	2022/2/24	14	16	26	37	41	43	31	0	該当なし	3億
1665	2022/2/21	19	22	24	29	34	41	09	1	2億	5千万
1664	2022/2/17	07	10	17	20	21	27	15	1	4億9809万	0
1663	2022/2/14	01	06	19	21	27	39	03	0	該当なし	2億
1662	2022/2/10	04	17	18	25	26	27	32	1	5億1883万	0
1661	2022/2/7	06	14	31	35	38	43	12	0	該当なし	3億
1660	2022/2/3	03	13	29	35	42	43	15	1	3億2105万	0
1659	2022/1/31	04	10	23	25	37	42	06	1	2億	5千万
1658	2022/1/27	10	11	19	29	30	36	37	2	1億6029万	0
1657	2022/1/24	11	13	16	19	20	38	25	1	2億	6千万
1656	2022/1/20	11	12	14	28	36	38	37	2	4億6230万	0
1655	2022/1/17	21	23	31	38	42	43	40	0	該当なし	6億
1654	2022/1/13	09	10	14	21	22	33	26	0	該当なし	3億
1653	2022/1/10	02	07	10	12	29	36	06	1	2億	2千万
1652	2022/1/6	08	15	16	23	38	43	02	2	1億1984万	0
1651	2021/12/30	07	12	15	21	27	32	28	2	1億1949万	0
1650	2021/12/27	01	03	15	33	39	43	30	4	1億3293万	0
1649	2021/12/23	08	16	19	23	29	41	01	0	該当なし	2億
1648	2021/12/20	02	03	22	26	35	42	38	3	2億7561万	0
1647	2021/12/16	03	08	14	15	19	35	12	0	該当なし	5億
1646	2021/12/13	03	19	21	29	39	43	25	0	該当なし	2億
1645	2021/12/9	02	08	13	14	33	40	06	3	9378万	0
1644	2021/12/6	01	09	14	28	32	40	15	1	2億	5千万
1643	2021/12/2	10	11	12	15	16	40	33	2	1億4090万	0
1642	2021/11/29	05	15	16	24	34	39	13	1	2億	4千万
1641	2021/11/25	02	05	07	12	16	20	33	7	2902万	0
1640	2021/11/22	08	09	19	21	27	30	17	2	4億102万	0
1639	2021/11/18	05	09	13	20	26	32	28	0	該当なし	5億
1638	2021/11/15	21	25	26	35	39	40	18	0	該当なし	3億
1637	2021/11/11	02	03	11	16	27	36	29	2	1億342万	0
1636	2021/11/8	01	12	24	26	30	36	29	4	5974万	0
1635	2021/11/4	04	08	19	32	36	43	30	2	4億795万	0
1634	2021/11/1	18	19	20	23	29	35	17	0	該当なし	5億
1633	2021/10/28	03	07	09	26	35	36	28	0	該当なし	2億
1632	2021/10/25	01	09	24	28	31	41	02	3	8088万	0
1631	2021/10/21	07	15	23	26	30	35	36	2	1億1612万	0
1630	2021/10/18	10	11	24	33	34	36	42	4	1億3655万	0
1629	2021/10/14	19	23	30	31	32	40	13	0	該当なし	3億
1628	2021/10/11	01	03	10	12	26	42	13	2	5億6385万	0
1627	2021/10/7	21	22	23	26	36	38	13	0	該当なし	8億
1626	2021/10/4	09	11	19	23	30	43	27	0	該当なし	5億
1625	2021/9/30	01	04	08	11	30	42	09	0	該当なし	2億
1624	2021/9/27	03	05	17	25	33	39	19	4	5763万	0
1623	2021/9/23	07	12	15	17	19	29	22	2	2億6084万	0
1622	2021/9/20	16	29	34	35	40	41	26	0	該当なし	3億
1621	2021/9/16	03	10	22	23	26	39	01	1	5億1206万	0
1620	2021/9/13	07	15	19	24	25	28	11	0	該当なし	2億
1619	2021/9/6	03	05	17	20	24	38	13	1	5億8259万	0
1618	2021/9/6	02	10	14	17	37	43	38	0	該当なし	3億
1617	2021/9/2	02	19	21	24	26	41	23	1	2億	5千万
1616	2021/8/30	01	04	06	21	34	41	12	1	4億7827万	0
1615	2021/8/26	02	05	06	13	19	29	25	1	6億！	2億
1614	2021/8/23	04	05	20	29	40	43	24	0	該当なし	5億
1613	2021/8/19	09	17	22	25	30	41	15	0	該当なし	2億
1612	2021/8/16	05	08	12	16	27	38	42	8	2539万	0
1611	2021/8/12	03	14	16	24	32	36	34	2	2億5902万	0
1610	2021/8/9	01	08	13	22	41	42	40	0	該当なし	3億
1609	2021/8/5	04	12	16	34	35	41	05	1	2億	3千万
1608	2021/8/2	10	18	22	23	25	35	19	1	5億928万	0
1607	2021/7/29	10	13	14	15	17	22	40	0	該当なし	2億
1606	2021/7/26	18	23	25	26	32	34	43	1	5億579万	0
1605	2021/7/22	02	05	08	20	29	40	06	0	該当なし	2億
1604	2021/7/19	12	21	23	36	37	38	06	4	3億328万	0
1603	2021/7/15	04	06	32	35	40	42	26	0	該当なし	9億
1602	2021/7/12	01	02	07	14	32	42	33	0	該当なし	6億
1601	2021/7/8	06	13	17	18	21	41	37	0	該当なし	3億
1600	2021/7/5	07	14	22	35	37	39	24	1	2億	5千万
1599	2021/7/1	01	02	20	22	35	38	04	1	3億3789万	0
1598	2021/6/28	09	11	26	28	39	43	01	1	2億	6千万
1597	2021/6/24	02	03	08	17	23	32	12	3	4億5429万	0
1596	2021/6/21	10	15	30	35	42	43	26	0	該当なし	10億
1595	2021/6/17	16	21	30	32	40	43	15	1	6億！	7億
1594	2021/6/14	01	05	06	13	34	36	18	1	6億！	9億
1593	2021/6/10	06	17	18	35	37	38	16	0	該当なし	12億
1592	2021/6/7	04	16	25	30	36	43	19	1	6億！	9億
1591	2021/6/3	07	09	18	21	26	43	14	1	6億！	12億
1590	2021/5/31	10	12	15	29	33	42	17	1	6億！	14億
1589	2021/5/27	11	21	25	31	36	39	32	1	6億！	17億
1588	2021/5/24	06	16	27	31	32	34	11	0	該当なし	19億
1587	2021/5/20	16	21	22	27	36	43	37	0	該当なし	15億
1586	2021/5/17	02	13	19	27	40	42	14	0	該当なし	12億
1585	2021/5/13	02	06	10	13	16	32	09	0	該当なし	8億
1584	2021/5/10	13	15	18	30	37	43	09	1	6億！	6億
1583	2021/5/6	05	07	16	34	39	41	29	0	該当なし	8億
1582	2021/5/3	18	32	35	36	39	41	28	0	該当なし	5億
1581	2021/4/29	06	12	30	31	41	43	01	0	該当なし	2億
1580	2021/4/26	05	07	11	12	24	31	03	9	5437万	0
1579	2021/4/22	23	29	32	33	37	42	01	0	該当なし	3億
1578	2021/4/19	03	15	17	19	21	34	04	2	2億7308万	0
1577	2021/4/15	13	14	15	28	37	39	04	0	該当なし	3億
1576	2021/4/12	05	07	10	17	29	32	37	1	2億	2千万
1575	2021/4/8	02	08	15	24	32	39	09	5	4257万	0
1574	2021/4/5	01	02	03	20	31	32	13	1	3億2152万	0
1573	2021/4/1	02	10	16	38	39	43	11	1	2億	7千万
1572	2021/3/29	04	06	10	19	28	38	40	4	5487万	0
1571	2021/3/25	01	02	05	25	40	41	26	1	4億4734万	0
1570	2021/3/22	01	19	22	23	31	36	24	1	6億！	2億
1569	2021/3/18	02	08	29	31	32	33	16	0	該当なし	5億
1568	2021/3/15	02	05	07	10	16	34	14	0	該当なし	2億
1567	2021/3/11	05	07	19	26	37	40	34	2	1億1152万	0
1566	2021/3/8	12	13	20	24	30	35	34	2	1億3976万	0
1565	2021/3/4	05	09	17	28	30	37	27	1	2億	2千万
1564	2021/3/1	05	06	18	20	27	37	07	3	2億6850万	0
1563	2021/2/25	01	12	20	26	35	37	02	0	該当なし	5億
1562	2021/2/22	02	04	15	16	26	33	25	0	該当なし	2億
1561	2021/2/18	12	15	26	34	35	38	07	2	1億4967万	0
1560	2021/2/15	07	19	24	32	40	42	22	1	2億	4千万
1559	2021/2/11	04	15	17	20	26	31	43	1	4億8087万	0
1558	2021/2/8	01	12	25	27	39	42	16	1	6億！	2億
1557	2021/2/4	05	21	22	23	26	39	31	0	該当なし	5億
1556	2021/2/1	10	19	28	30	38	42	18	0	該当なし	3億
1555	2021/1/28	02	08	17	23	24	27	05	2	1億180万	0
1554	2021/1/25	06	14	16	27	40	42	26	2	1億2436万	0
1553	2021/1/21	07	08	16	32	41	42	31	4	7787万	0
1552	2021/1/18	05	09	15	30	32	39	11	1	2億	6千万
1551	2021/1/14	03	14	18	24	38	43	23	3	1億8090万	0
1550	2021/1/11	08	11	22	32	37	42	41	1	6億！	3億
1549	2021/1/7	04	05	27	28	35	41	33	0	該当なし	6億
1548	2021/1/4	18	24	26	35	39	42	32	0	該当なし	3億
1547	2020/12/28	04	11	14	17	22	39	21	1	2億	5千万
1546	2020/12/24	01	18	19	24	31	40	16	2	2億7557万	0
1545	2020/12/21	08	14	15	26	37	43	12	1	6億！	3億
1544	2020/12/17	03	11	25	26	39	42	34	1	6億！	5億
1543	2020/12/14	17	21	26	33	36	38	34	0	該当なし	8億
1542	2020/12/10	11	12	16	17	20	36	18	0	該当なし	5億
1541	2020/12/7	12	26	28	32	33	35	41	0	該当なし	2億
1540	2020/12/3	01	20	25	28	33	37	31	2	1億1885万	0
1539	2020/11/30	13	29	33	37	41	42	43	1	5億3048万	0
1538	2020/11/26	08	14	19	33	35	40	38	0	該当なし	2億
1537	2020/11/23	06	13	14	32	33	37	20	1	2億6138万	0
1536	2020/11/19	02	05	09	30	37	40	28	1	2億	2千万
1535	2020/11/16	01	09	14	30	35	38	32	2	2億5948万	0
1534	2020/11/12	01	09	18	22	24	43	39	0	該当なし	2億
1533	2020/11/9	15	22	27	37	38	41	05	2	1億1749万	0
1532	2020/11/5	02	09	14	16	17	21	34	2	2億4005万	0
1531	2020/11/2	02	06	07	10	30	33	14	0	該当なし	2億
1530	2020/10/29	02	05	10	34	37	40	07	1	5億1211万	0
1529	2020/10/26	03	19	26	28	33	40	01	0	該当なし	2億
1528	2020/10/22	01	14	17	34	35	37	16	2	1億1973万	0
1527	2020/10/19	02	05	09	11	27	32	33	3	6838万	0
1526	2020/10/15	04	17	19	21	39	41	36	3	7874万	0
1525	2020/10/12	03	07	20	21	28	32	24	6	1億8161万	0
1524	2020/10/8	02	03	15	24	30	43	39	0	該当なし	8億
1523	2020/10/5	02	15	17	25	34	38	27	0	該当なし	5億
1522	2020/10/1	05	17	21	22	32	35	41	0	該当なし	2億
1521	2020/9/28	17	21	22	40	41	42	13	3	8384万	0
1520	2020/9/24	01	06	11	13	30	33	04	2	2億3286万	0
1519	2020/9/21	05	08	20	21	27	43	09	0	該当なし	2億
1518	2020/9/17	06	15	16	22	36	41	20	1	2億9168万	0
1517	2020/9/14	14	25	27	30	39	41	08	1	2億	5千万
1516	2020/9/10	25	32	34	37	41	42	28	2	2億5314万	0
1515	2020/9/7	05	09	17	21	27	29	30	0	該当なし	2億
1514	2020/9/3	11	16	22	29	37	43	05	7	4278万	0
1513	2020/8/31	13	14	18	19	25	42	05	1	2億	5千万
1512	2020/8/27	01	11	12	24	32	38	39	1	2億7745万	0
1511	2020/8/24	11	16	22	24	38	40	06	1	2億	4千万
1510	2020/8/20	08	13	17	18	21	38	23	2	1億3611万	0
1509	2020/8/17	06	11	12	34	36	41	43	1	2億	4千万
1508	2020/8/13	09	13	28	29	32	40	41	3	2億6303万	0
1507	2020/8/10	19	20	22	30	35	43	29	0	該当なし	5億
1506	2020/8/6	10	12	19	28	35	41	39	0	該当なし	2億
1505	2020/8/3	01	02	14	15	21	34	19	1	2億7842万	0
1504	2020/7/30	05	07	09	21	42	43	35	1	2億	3千万
1503	2020/7/27	01	08	16	35	40	42	20	1	5億2151万	0
1502	2020/7/23	01	17	25	28	32	42	26	0	該当なし	2億
1501	2020/7/20	06	10	13	25	31	38	15	26	1993万	0
1500	2020/7/16	19	21	22	28	29	30	04	0	該当なし	3億
1499	2020/7/13	10	11	27	28	29	37	13	1	5億3659万	0
1498	2020/7/9	01	06	07	09	31	37	43	0	該当なし	3億
1497	2020/7/6	06	22	28	30	35	37	08	1	2億	4千万
1496	2020/7/2	05	09	13	16	17	34	37	2	2億5614万	0
1495	2020/6/29	18	24	32	34	37	41	22	0	該当なし	2億
1494	2020/6/25	08	15	17	24	26	38	27	1	2億6284万	0
1493	2020/6/22	11	18	24	27	37	38	15	1	2億	3千万
1492	2020/6/18	04	16	18	32	38	42	36	2	1億8123万	0
1491	2020/6/15	08	11	23	31	34	37	1	1	2億	1億
1490	2020/6/11	07	19	24	29	39	43	11	2	3億6500万	0
1489	2020/6/8	04	06	11	13	23	32	01	0	該当なし	4億
1488	2020/6/4	04	10	11	17	34	37	38	0	該当なし	2億
1487	2020/6/1	05	07	09	17	24	35	36	1	2億4632万	0
1486	2020/5/28	18	24	29	33	39	42	34	1	2億	2千万
1485	2020/5/25	09	10	18	27	28	35	37	2	4億6675万	0
1484	2020/5/21	04	12	17	18	23	41	28	0	該当なし	6億
1483	2020/5/18	03	10	20	23	29	43	22	0	該当なし	4億
1482	2020/5/14	08	26	28	32	41	43	14	0	該当なし	2億
1481	2020/5/11	03	09	21	31	41	42	18	1	3億1978万	0
1480	2020/5/7	02	04	05	06	24	34	39	0	該当なし	1億
1479	2020/5/4	01	20	30	32	35	37	33	1	3億3410万	0
1478	2020/4/30	07	12	15	21	40	42	32	0	該当なし	2億
1477	2020/4/27	04	13	14	25	27	32	01	2	1億7791万	0
1476	2020/4/23	06	22	38	40	41	42	35	0	該当なし	2億
1475	2020/4/20	06	07	09	20	21	27	02	3	5589万	0
1474	2020/4/16	04	06	08	22	27	32	26	1	1億8269万	0
1473	2020/4/13	01	05	06	27	33	38	11	1	1億8158万	0
1472	2020/4/9	01	06	07	09	23	40	43	1	1億9782万	0
1471	2020/4/6	01	03	08	32	37	43	24	1	4億9565万	0
1470	2020/4/2	04	08	14	16	39	40	23	0	該当なし	2億
1469	2020/3/30	04	09	10	13	24	27	22	2	1億208万	0
1468	2020/3/26	04	08	15	24	25	31	26	1	2億	3百万
1467	2020/3/23	03	14	16	25	26	38	07	2	2億4098万	0
1466	2020/3/19	06	10	15	18	32	40	35	0	該当なし	2億
1465	2020/3/16	11	15	16	24	28	38	03	3	7246万	0
1464	2020/3/12	08	13	14	18	29	31	23	1	5億464万	0
1463	2020/3/9	18	29	32	34	35	39	36	0	該当なし	2億
1462	2020/3/5	04	18	19	28	33	36	09	1	4億5359万	0
1461	2020/3/2	05	07	08	18	22	26	24	0	該当なし	2億
1460	2020/2/27	03	06	10	15	29	30	04	3	6794万	0
1459	2020/2/24	02	17	19	24	28	29	07	3	1億5234万	0
1458	2020/2/20	04	16	19	22	26	29	06	0	該当なし	2億
1457	2020/2/17	01	03	11	17	20	37	29	2	2億3061万	0
1456	2020/2/13	02	18	19	24	29	31	33	0	該当なし	2億
1455	2020/2/10	01	10	12	22	34	43	23	2	1億3961万	0
1454	2020/2/6	03	15	19	34	37	40	41	1	2億	4千万
1453	2020/2/3	10	22	26	27	28	41	39	2	1億4824万	0
1452	2020/1/30	17	19	29	31	37	39	34	1	2億	4千万
1451	2020/1/27	02	06	10	20	24	43	34	10	2123万	0
1450	2020/1/23	24	25	26	27	34	36	04	2	1億2133万	0
1449	2020/1/20	06	19	20	26	34	38	04	3	7864万	0
1448	2020/1/16	10	12	25	29	32	41	40	4	5769万	0
1447	2020/1/13	02	09	12	13	14	22	10	3	7039万	0
1446	2020/1/9	02	05	11	20	21	32	13	3	9583万	0
1445	2019/12/30	03	14	24	29	30	42	21	1	5億773万	0
1444	2019/12/26	11	20	24	25	30	37	14	0	該当なし	2億
1443	2019/12/23	02	04	08	10	22	33	28	2	1億658万	0
1442	2019/12/19	12	21	35	36	40	43	39	2	1億2298万	0
1441	2019/12/16	12	22	24	33	35	42	36	1	5億1589万	0
1440	2019/12/12	01	07	20	31	41	42	28	0	該当なし	2億
1439	2019/12/9	11	17	23	28	34	41	04	3	7737万	0
1438	2019/12/5	02	05	06	20	33	38	22	2	4億5865万	0
1437	2019/12/2	03	11	24	25	37	40	14	0	該当なし	6億
1436	2019/11/28	03	07	17	18	30	36	33	0	該当なし	4億
1435	2019/11/25	02	04	16	21	22	40	09	1	6億！	2億
1434	2019/11/21	02	20	30	38	39	40	04	0	該当なし	5億
1433	2019/11/18	03	05	12	16	38	42	06	0	該当なし	2億
1432	2019/11/14	04	05	15	32	33	43	13	1	2億7460万	0
1431	2019/11/11	02	27	28	33	38	40	30	1	2億	4千万
1430	2019/11/7	04	07	09	12	20	28	03	4	4850万	0
1429	2019/11/4	04	08	13	18	21	23	22	2	2億6071万	0
1428	2019/10/31	16	18	19	34	35	36	06	0	該当なし	3億
1427	2019/10/28	01	07	25	26	38	41	31	1	2億	3千万
1426	2019/10/24	04	13	17	19	30	43	24	2	2億4387万	0
1425	2019/10/21	01	24	28	33	35	42	27	0	該当なし	2億
1424	2019/10/17	06	07	25	26	33	36	19	1	2億2454万	0
1423	2019/10/14	11	24	29	36	37	42	13	1	2億	5百万
1422	2019/10/10	12	14	17	20	24	30	39	3	7324万	0
1421	2019/10/7	02	14	20	23	37	43	30	2	2億3782万	0
1420	2019/10/3	01	02	14	16	22	28	04	0	該当なし	2億
1419	2019/9/30	05	10	11	12	21	37	41	1	4億7519万	0
1418	2019/9/26	04	21	32	35	42	43	15	0	該当なし	2億
1417	2019/9/23	03	10	25	26	27	31	05	3	6739万	0
1416	2019/9/19	02	09	10	15	24	36	13	4	1億1422万	0
1415	2019/9/16	01	03	07	34	39	40	33	0	該当なし	2億
1414	2019/9/12	12	19	21	26	40	41	20	1	4億9755万	0
1413	2019/9/9	07	13	17	21	24	26	12	0	該当なし	2億
1412	2019/9/5	02	19	24	25	32	42	08	2	1億1172万	0
1411	2019/9/2	02	05	07	20	25	28	03	3	7392万	0
1410	2019/8/29	08	14	17	25	36	41	23	2	1億1619万	0
1409	2019/8/26	05	06	08	20	22	25	13	3	3億7841万	0
1408	2019/8/22	02	17	24	26	34	43	32	0	該当なし	8億
1407	2019/8/19	10	13	19	28	33	39	15	0	該当なし	5億
1406	2019/8/15	20	24	27	29	34	35	43	0	該当なし	2億
1405	2019/8/12	03	04	06	19	23	24	42	2	1億9831万	0
1404	2019/8/8	02	17	29	37	38	39	05	1	6億！	2億
1403	2019/8/5	01	03	10	27	34	41	22	0	該当なし	5億
1402	2019/8/1	10	24	26	33	36	42	28	0	該当なし	2億
1401	2019/7/29	02	13	23	24	25	33	36	2	3億9258万	0
1400	2019/7/25	08	10	26	31	34	39	36	0	該当なし	5億
1399	2019/7/22	07	20	21	33	41	43	08	0	該当なし	2億
1398	2019/7/18	23	29	34	35	40	43	42	1	2億7059万	0
1397	2019/7/15	09	18	19	21	25	26	07	1	2億	2千万
1396	2019/7/11	03	07	11	15	23	41	21	2	1億2824万	0
1395	2019/7/8	05	16	18	27	30	43	25	1	2億	5千万
1394	2019/7/4	08	09	35	36	42	43	22	2	4億2148万	0
1393	2019/7/1	07	11	26	32	42	43	24	0	該当なし	5億
1392	2019/6/27	06	09	12	19	40	42	07	0	該当なし	2億
1391	2019/6/24	03	12	23	31	36	42	43	2	4億338万	0
1390	2019/6/20	10	11	13	28	34	39	35	0	該当なし	5億
1389	2019/6/17	06	16	21	23	26	42	43	0	該当なし	2億
1388	2019/6/13	09	10	12	15	29	37	11	4	5267万	0
1387	2019/6/10	11	27	29	30	37	38	33	1	4億9084万	0
1386	2019/6/6	04	11	14	15	20	38	35	0	該当なし	2億
1385	2019/6/3	09	20	28	35	41	43	23	2	1億2809万	0
1384	2019/5/30	03	06	13	32	38	43	40	1	2億5141万	0
1383	2019/5/27	02	04	09	15	18	39	24	1	2億	1千万
1382	2019/5/23	08	09	12	25	26	28	32	4	5212万	0
1381	2019/5/20	02	04	05	16	19	38	25	1	2億	8百万
1380	2019/5/16	01	03	24	26	29	33	42	3	9092万	0
1379	2019/5/13	01	02	19	21	24	37	32	1	2億	3千万
1378	2019/5/9	01	10	15	24	35	43	09	2	1億1794万	0
1377	2019/5/6	01	07	13	24	40	43	20	2	4億181万	0
1376	2019/5/2	02	05	22	31	32	43	27	0	該当なし	5億
1375	2019/4/29	02	05	21	22	31	38	28	0	該当なし	2億
1374	2019/4/25	01	04	05	19	23	35	36	1	2億	2千万
1373	2019/4/22	01	10	13	18	20	41	11	2	2億5609万	0
1372	2019/4/18	03	05	10	21	33	39	08	0	該当なし	2億
1371	2019/4/15	04	05	06	07	24	28	30	2	4億5222万	0
1370	2019/4/11	08	22	24	30	40	41	02	0	該当なし	6億
1369	2019/4/8	12	15	25	32	41	43	07	0	該当なし	3億
1368	2019/4/4	06	11	17	20	34	35	10	1	4億1629万	1億
1367	2019/4/1	03	08	11	14	22	41	34	1	6億！	1億
1366	2019/3/28	14	15	17	29	31	39	10	1	6億！	5億
1365	2019/3/25	04	07	14	20	31	41	32	0	該当なし	8億
1364	2019/3/21	05	13	14	16	25	27	03	0	該当なし	5億
1363	2019/3/18	02	05	23	36	37	41	43	0	該当なし	2億
1362	2019/3/14	08	16	19	28	36	39	01	3	1億5231万	0
1361	2019/3/11	03	04	12	18	28	38	32	0	該当なし	2億
1360	2019/3/7	04	09	10	16	17	42	23	2	2億2732万	0
1359	2019/3/4	06	08	14	18	25	41	09	0	該当なし	2億
1358	2019/2/28	09	15	23	27	29	40	28	2	1億732万	0
1357	2019/2/25	02	03	08	15	19	28	21	5	3731万	0
1356	2019/2/21	04	06	10	16	24	43	12	2	1億413万	0
1355	2019/2/18	05	15	27	29	34	37	12	1	2億7045万	0
1354	2019/2/14	04	25	27	28	32	41	26	1	2億	3千万
1353	2019/2/11	02	11	12	19	21	24	36	3	1億5127万	0
1352	2019/2/7	05	06	09	15	19	36	05	0	該当なし	2億
1351	2019/2/4	08	14	18	22	28	29	05	1	2億	2千万
1350	2019/1/31	07	08	09	10	20	38	33	1	4億9095万	0
1349	2019/1/28	02	16	19	32	34	42	33	0	該当なし	2億
1348	2019/1/24	01	02	14	19	21	33	43	2	1億1313万	0
1347	2019/1/21	08	10	11	18	36	43	07	2	1億1619万	0
1346	2019/1/17	05	10	22	27	38	42	36	3	1億8411万	0
1345	2019/1/14	01	15	26	27	29	33	18	0	該当なし	3億
1344	2019/1/10	08	16	20	28	37	43	29	1	2億	4千万
1343	2019/1/7	02	08	10	12	19	23	16	2	1億4983万	0
1342	2018/12/27	01	04	09	16	23	31	42	1	2億	3千万
1341	2018/12/24	09	12	15	16	26	39	34	2	2億4366万	0
1340	2018/12/20	06	15	18	20	26	29	09	0	該当なし	2億
1339	2018/12/17	01	10	15	33	34	42	39	1	2億6596万	0
1338	2018/12/13	02	06	23	25	30	31	35	1	2億	1千万
1337	2018/12/10	03	06	21	28	29	34	15	4	5516万	0
1336	2018/12/6	04	05	11	19	31	34	43	2	1億801万	0
1335	2018/12/3	10	16	19	34	35	39	04	4	6223万	0
1334	2018/11/29	01	02	07	14	29	43	40	1	2億5957万	0
1333	2018/11/26	02	09	15	22	26	35	05	1	2億	2千万
1332	2018/11/22	05	15	18	22	33	40	06	2	2億4925万	0
1331	2018/11/19	02	14	30	31	38	39	26	0	該当なし	2億
1330	2018/11/15	02	19	24	32	36	43	30	1	2億7665万	0
1329	2018/11/12	11	15	18	22	37	42	31	1	2億	3千万
1328	2018/11/8	07	09	23	32	37	40	41	2	1億1597万	0
1327	2018/11/5	02	03	13	22	23	30	27	2	1億1503万	0
1326	2018/11/1	02	03	09	12	30	41	21	2	2億3858万	0
1325	2018/10/29	08	18	23	26	33	38	34	0	該当なし	2億
1324	2018/10/25	01	07	08	17	25	42	11	3	1億6828万	0
1323	2018/10/22	05	06	10	24	29	40	26	0	該当なし	3億
1322	2018/10/18	02	03	13	28	32	37	07	1	2億	3千万
1321	2018/10/15	10	24	31	40	41	43	33	2	1億2719万	0
1320	2018/10/11	04	06	12	16	17	34	28	2	2億2740万	0
1319	2018/10/8	09	10	19	21	28	30	43	0	該当なし	2億
1318	2018/10/4	02	03	07	14	19	41	34	2	2億4218万	0
1317	2018/10/1	06	10	13	19	32	43	22	0	該当なし	2億
1316	2018/9/27	06	16	26	35	36	39	14	3	9214万	0
1315	2018/9/24	03	08	23	30	32	40	31	1	2億	3千万
1314	2018/9/20	03	10	20	21	27	33	39	3	9165万	0
1313	2018/9/17	05	12	21	31	36	43	27	1	2億	4千万
1312	2018/9/13	13	24	25	26	32	39	06	2	1億2047万	0
1311	2018/9/10	12	23	26	29	36	37	15	3	3億3597万	0
1310	2018/9/6	09	24	25	27	34	36	14	0	該当なし	7億
1309	2018/9/3	24	32	34	36	41	43	23	1	6億！	4億
1308	2018/8/30	06	09	10	15	34	39	03	0	該当なし	7億
1307	2018/8/27	06	25	27	28	30	43	14	1	6億！	4億
1306	2018/8/23	07	11	23	36	38	41	37	1	6億！	6億
1305	2018/8/20	04	06	19	36	38	40	28	0	該当なし	9億
1304	2018/8/16	06	25	30	38	40	42	17	1	6億！	6億
1303	2018/8/13	07	10	24	33	35	42	43	0	該当なし	8億
1302	2018/8/9	04	07	25	30	34	43	38	0	該当なし	5億
1301	2018/8/6	06	07	09	16	30	41	22	0	該当なし	3億
1300	2018/8/2	03	18	25	26	32	33	27	1	2億	2千万
1299	2018/7/30	03	12	24	28	38	39	10	2	2億5938万	0
1298	2018/7/26	04	06	15	22	30	42	07	0	該当なし	3億
1297	2018/7/23	01	02	07	29	34	42	41	1	2億	3千万
1296	2018/7/19	05	11	15	16	23	32	04	3	8425万	0
1295	2018/7/16	14	23	31	37	39	43	32	1	2億	3千万
1294	2018/7/12	07	14	18	26	28	39	02	1	2億5811万	0
1293	2018/7/9	02	05	15	27	30	35	11	1	2億	3千万
1292	2018/7/5	01	18	29	30	31	37	35	3	7878万	0
1291	2018/7/2	02	06	08	12	13	17	01	1	5億688万	0
1290	2018/6/28	18	24	27	32	35	41	10	0	該当なし	2億
1289	2018/6/25	06	09	16	24	29	37	03	1	5億2236万	0
1288	2018/6/21	08	09	19	24	35	43	11	0	該当なし	2億
1287	2018/6/18	09	21	23	34	37	38	40	2	1億6140万	0
1286	2018/6/14	11	32	37	39	41	42	43	1	2億	5千万
1285	2018/6/11	07	08	13	36	38	42	06	3	2億8026万	0
1284	2018/6/7	04	14	17	21	24	39	07	0	該当なし	5億
1283	2018/6/4	01	26	27	30	37	38	04	0	該当なし	3億
1282	2018/5/31	01	04	10	11	24	28	29	4	5136万	0
1281	2018/5/28	03	07	09	15	29	40	17	1	5億7152万	0
1280	2018/5/24	01	09	11	21	29	36	07	1	6億！	3億
1279	2018/5/21	04	10	16	17	20	24	31	0	該当なし	6億
1278	2018/5/17	03	04	18	28	34	36	06	0	該当なし	3億
1277	2018/5/14	12	16	20	22	31	43	33	1	2億	5千万
1276	2018/5/10	05	06	09	11	16	35	22	1	2億7663万	0
1275	2018/5/7	07	19	21	28	40	41	03	1	2億	5千万
1274	2018/5/3	03	15	18	23	31	37	34	9	2億674万	0
1273	2018/4/30	18	20	22	26	34	37	04	0	該当なし	15億
1272	2018/4/26	04	09	13	32	37	38	42	0	該当なし	11億
1271	2018/4/23	01	11	14	27	39	42	32	1	6億！	7億
1270	2018/4/19	09	10	24	30	35	40	38	0	該当なし	9億
1269	2018/4/16	09	10	11	33	39	42	25	0	該当なし	6億
1268	2018/4/12	08	11	15	22	35	36	30	0	該当なし	3億
1267	2018/4/9	04	18	31	33	34	41	09	1	2億	7千万
1266	2018/4/5	03	12	16	23	25	28	17	3	1億6867万	0
1265	2018/4/2	05	20	26	27	28	33	12	1	6億！	3億
1264	2018/3/29	01	06	27	33	35	43	15	0	該当なし	5億
1263	2018/3/26	03	08	13	14	31	37	06	1	6億！	2億
1262	2018/3/22	04	11	15	20	24	43	10	0	該当なし	5億
1261	2018/3/19	09	20	26	29	30	34	42	0	該当なし	2億
1260	2018/3/15	03	08	16	19	25	26	32	2	2億8194万	0
1259	2018/3/12	10	16	20	26	33	36	41	0	該当なし	3億
1258	2018/3/8	08	14	20	25	31	41	35	1	2億	3千万
1257	2018/3/5	01	11	19	23	32	37	14	2	3億328万	0
1256	2018/3/1	02	05	16	32	35	41	25	0	該当なし	3億
1255	2018/2/26	02	14	15	27	40	43	41	1	2億	5千万
1254	2018/2/22	07	08	11	15	36	39	37	2	2億6650万	0
1253	2018/2/19	01	12	14	24	33	37	15	1	6億！	3億
1252	2018/2/15	04	15	18	19	22	29	37	0	該当なし	5億
1251	2018/2/12	21	28	31	33	34	40	23	0	該当なし	3億
1250	2018/2/8	03	10	18	22	23	40	27	1	2億	2千万
1249	2018/2/5	05	08	15	20	25	27	06	3	8241万	0
1248	2018/2/1	02	06	14	28	34	37	03	1	2億	2千万
1247	2018/1/29	04	07	17	18	26	36	35	3	7848万	0
1246	2018/1/25	04	10	11	23	36	37	34	4	2億813万	0
1245	2018/1/22	13	15	27	30	31	39	08	0	該当なし	5億
1244	2018/1/18	10	15	17	18	20	41	35	0	該当なし	2億
1243	2018/1/15	23	24	32	37	41	42	29	1	3億2289万	0
1242	2018/1/11	12	22	28	34	37	42	33	1	2億	5千万
1241	2018/1/8	04	07	15	17	23	25	08	1	5億7317万	0
1240	2018/1/4	15	18	22	36	37	39	26	0	該当なし	3億
1239	2017/12/28	02	19	27	28	30	38	22	1	2億	5千万
1238	2017/12/25	08	14	28	29	33	40	32	2	2億7720万	0
1237	2017/12/21	01	04	06	35	38	40	27	0	該当なし	2億
1236	2017/12/18	01	03	11	26	38	39	34	2	4億385万	0
1235	2017/12/14	08	17	24	34	36	42	33	0	該当なし	5億
1234	2017/12/11	07	11	16	20	30	40	28	0	該当なし	2億
1233	2017/12/7	02	07	12	21	29	33	16	1	2億6954万	0
1232	2017/12/4	05	10	14	31	35	38	16	1	2億	4千万
1231	2017/11/30	01	14	16	24	32	36	02	1	4億9424万	0
1230	2017/11/27	01	02	06	09	17	38	34	1	6億！	2億
1229	2017/11/23	10	28	35	37	39	43	16	0	該当なし	5億
1228	2017/11/20	06	18	19	25	28	40	03	0	該当なし	2億
1227	2017/11/16	01	08	14	28	40	43	06	3	1億9825万	0
1226	2017/11/13	07	08	28	34	37	41	13	1	6億！	3億
1225	2017/11/9	19	22	25	30	33	34	36	0	該当なし	6億
1224	2017/11/6	05	18	33	38	41	43	06	0	該当なし	3億
1223	2017/11/2	12	22	28	30	36	43	34	1	2億	3千万
1222	2017/10/30	01	05	07	11	29	39	40	2	1億204万	0
1221	2017/10/26	03	10	11	31	33	36	21	2	1億891万	0
1220	2017/10/23	09	15	21	23	32	42	14	2	1億2721万	0
1219	2017/10/19	14	22	24	36	39	42	32	1	2億	2千万
1218	2017/10/16	05	08	13	20	28	42	35	2	1億814万	0
1217	2017/10/12	14	16	17	34	36	41	25	2	1億3742万	0
1216	2017/10/9	08	14	25	39	42	43	37	1	2億	0
1215	2017/10/5	03	06	09	15	21	42	07	2	1億636万	0
1214	2017/10/2	02	19	23	30	33	36	40	4	6079万	0
1213	2017/9/28	03	13	22	26	30	39	01	1	2億8759万	0
1212	2017/9/25	02	16	27	35	40	42	25	1	2億	5千万
1211	2017/9/21	03	08	24	25	26	28	43	4	5187万	0
1210	2017/9/18	05	06	12	16	23	36	09	1	4億7468万	0
1209	2017/9/14	11	12	24	32	38	40	07	0	該当なし	2億
1208	2017/9/11	05	14	20	30	38	41	08	2	2億7869万	0
1207	2017/9/7	06	16	17	20	22	43	34	0	該当なし	2億
1206	2017/9/4	11	19	20	26	32	33	22	3	2億9806万	0
1205	2017/8/31	12	25	26	32	35	42	02	0	該当なし	5億
1204	2017/8/28	10	20	21	24	39	43	17	1	6億！	2億
1203	2017/8/24	02	04	06	37	39	42	41	0	該当なし	5億
1202	2017/8/21	09	12	15	19	26	39	28	0	該当なし	2億
1201	2017/8/17	01	15	19	22	26	28	33	1	2億	2千万
1200	2017/8/14	02	08	10	12	31	42	21	1	1億8694万	0
1199	2017/8/10	09	10	11	20	28	40	17	2	1億2415万	0
1198	2017/8/7	01	14	20	26	27	34	33	2	2億	2千万
1197	2017/8/3	03	24	28	36	37	39	27	2	1億3347万	0
1196	2017/7/31	06	07	19	31	39	41	14	1	2億	3千万
1195	2017/7/27	01	04	17	22	35	42	07	5	4695万	0
1194	2017/7/24	12	18	20	23	33	40	01	2	3億9432万	0
1193	2017/7/20	01	02	07	08	10	42	28	0	該当なし	5億
1192	2017/7/17	15	17	18	22	30	39	28	0	該当なし	2億
1191	2017/7/13	03	05	11	20	25	32	30	2	2億9180万	0
1190	2017/7/10	01	03	13	29	38	39	08	0	該当なし	3億
1189	2017/7/6	08	24	28	30	38	41	32	1	2億	5千万
1188	2017/7/3	03	09	19	20	23	30	14	4	1億2397万	0
1187	2017/6/29	03	13	18	20	24	31	37	1	6億！	2億
1186	2017/6/26	08	10	20	25	38	43	39	0	該当なし	5億
1185	2017/6/22	06	15	18	26	27	31	38	1	6億！	2億
1184	2017/6/19	02	06	21	30	31	36	41	0	該当なし	5億
1183	2017/6/15	02	19	22	25	32	36	39	0	該当なし	2億
1182	2017/6/12	05	06	10	13	24	33	40	4	5279万	0
1181	2017/6/8	15	16	17	29	31	32	12	2	5億8918万	0
1180	2017/6/5	02	04	05	13	18	21	40	0	該当なし	8億
1179	2017/6/1	05	12	27	36	39	40	37	0	該当なし	5億
1178	2017/5/29	16	17	20	22	29	40	31	0	該当なし	3億
1177	2017/5/25	02	05	21	22	23	38	36	1	2億	1千万
1176	2017/5/22	02	09	18	23	29	32	34	2	1億1368万	0
1175	2017/5/18	02	04	06	21	27	37	28	1	4億6900万	0
1174	2017/5/15	07	08	09	25	29	31	28	0	該当なし	2億
1173	2017/5/11	05	07	11	16	33	38	25	2	2億4550万	0
1172	2017/5/8	03	10	31	32	38	39	15	0	該当なし	2億
1171	2017/5/4	09	10	13	21	34	36	40	3	7559万	0
1170	2017/5/1	01	08	13	19	23	28	39	2	1億1279万	0
1169	2017/4/27	19	24	25	36	37	43	10	1	5億2559万	0
1168	2017/4/24	01	03	08	14	35	39	18	0	該当なし	2億
1167	2017/4/20	06	13	20	25	36	42	28	3	9767万	0
1166	2017/4/17	04	08	17	20	29	41	03	1	2億	4千万
1165	2017/4/13	18	20	21	24	40	42	25	1	2億8564	0
1164	2017/4/10	04	07	11	33	34	37	24	1	2億	3千万
1163	2017/4/6	11	17	19	24	33	41	09	1	5億2207万	0
1162	2017/4/3	03	04	08	12	24	37	10	0	該当なし	2億
1161	2017/3/30	01	02	12	16	19	40	18	1	2億	4千万
1160	2017/3/27	09	22	31	32	34	43	24	1	2億8185万	0
1159	2017/3/23	01	04	15	16	23	30	17	1	2億	2千万
1158	2017/3/20	22	24	27	30	32	40	23	1	2億7310万	0
1157	2017/3/16	05	17	20	28	39	42	01	1	6億！	2億
1156	2017/3/13	03	06	19	31	35	40	12	0	該当なし	5億
1155	2017/3/9	14	19	22	23	28	43	25	0	該当なし	2億
1154	2017/3/6	08	12	30	36	41	42	04	2	4億7213万	0
1153	2017/3/2	04	15	20	24	26	30	29	0	該当なし	6億
1152	2017/2/27	06	08	10	33	35	43	22	0	該当なし	3億
1151	2017/2/23	05	23	25	26	29	31	19	1	2億	3千万
1150	2017/2/20	07	11	17	27	32	40	18	4	2億1076万	0
1149	2017/2/16	02	14	22	23	35	43	31	0	該当なし	5億
1148	2017/2/13	03	05	16	23	31	43	39	0	該当なし	2億
1147	2017/2/9	02	03	10	16	26	27	23	2	1億276万	0
1146	2017/2/6	01	10	19	23	26	34	27	2	1億2469万	0
1145	2017/2/2	01	04	15	18	25	28	36	0	該当なし	1億
1144	2017/1/30	07	13	14	33	39	43	29	1	1億2453万	0
1143	2017/1/26	19	21	31	39	42	43	29	1	1億2635万	0
1142	2017/1/23	12	13	19	23	28	35	31	1	1億1287万	0
1141	2017/1/19	01	04	10	14	24	26	29	3	3779万	0
1140	2017/1/16	11	21	30	31	36	37	23	1	3億3166万	0
1139	2017/1/12	04	06	14	17	23	33	26	1	4億！	2億
1138	2017/1/9	08	15	21	24	35	38	22	0	該当なし	4億
1137	2017/1/5	01	18	21	31	37	41	20	0	該当なし	3億
1136	2016/12/29	03	04	07	08	22	33	18	1	4億！	1億
1135	2016/12/26	20	22	28	29	32	41	14	0	該当なし	4億
1134	2016/12/22	05	06	12	14	30	38	29	0	該当なし	2億
1133	2016/12/19	03	18	19	20	37	38	09	0	該当なし	1億
1132	2016/12/15	04	05	24	29	33	35	40	1	1億1600万	0
1131	2016/12/12	06	12	25	36	38	41	18	2	5430万	0
1130	2016/12/8	01	11	37	38	39	42	26	1	1億2125万	0
1129	2016/12/5	06	11	19	28	30	43	32	2	1億9323万	0
1128	2016/12/1	03	15	21	29	30	35	39	0	該当なし	2億
1127	2016/11/28	09	15	17	21	23	42	24	0	該当なし	1億
1126	2016/11/24	04	05	26	30	34	42	27	2	1億2177万	0
1125	2016/11/21	02	16	19	20	24	36	27	0	該当なし	1億
1124	2016/11/17	01	16	24	28	40	42	33	1	1億2012万	0
1123	2016/11/14	04	08	23	29	34	35	15	3	1億8468万	0
1122	2016/11/10	22	24	29	31	32	34	40	0	該当なし	4億
1121	2016/11/7	02	08	31	38	40	42	41	0	該当なし	2億
1120	2016/11/3	10	12	13	29	35	39	33	0	該当なし	1億
1119	2016/10/31	03	06	15	21	42	43	11	3	8146万	0
1118	2016/10/27	01	11	21	25	34	36	28	0	該当なし	1億
1117	2016/10/24	02	06	07	09	19	23	21	2	1億7461万	0
1116	2016/10/20	01	11	33	34	35	38	29	0	該当なし	2億
1115	2016/10/17	03	10	12	26	38	42	04	4	5668万	0
1114	2016/10/13	02	07	09	28	38	39	26	0	該当なし	1億
1113	2016/10/10	01	12	14	26	34	41	06	1	2億3261万	0
1112	2016/10/6	06	09	15	19	39	42	34	0	該当なし	1億
1111	2016/10/3	06	16	17	27	33	41	42	2	5606万	0
1110	2016/9/29	01	06	21	34	36	39	29	1	1億1966万	0
1109	2016/9/26	06	08	14	27	36	42	28	2	1億1634万	0
1108	2016/9/22	12	25	29	32	38	43	35	0	該当なし	1億
1107	2016/9/19	06	07	12	22	30	33	36	1	9993万	0
1106	2016/9/15	01	04	08	10	18	33	15	3	3549万	0
1105	2016/9/12	12	15	25	31	39	40	26	3	3924万	0
1104	2016/9/8	15	25	32	33	36	38	40	1	2億4048万	0
1103	2016/9/5	08	13	14	18	24	38	25	0	該当なし	1億
1102	2016/9/1	03	06	09	13	36	37	32	2	5334万	0
1101	2016/8/29	04	05	07	10	13	16	01	1	1億450万	0
1100	2016/8/25	02	06	16	23	32	35	37	3	3795万	0
1099	2016/8/22	06	08	12	17	18	24	35	5	4597万	0
1098	2016/8/18	01	19	31	33	35	43	29	0	該当なし	1億
1097	2016/8/15	01	05	08	14	19	21	04	1	2億2081万	0
1096	2016/8/11	06	19	21	31	38	41	40	0	該当なし	1億
1095	2016/8/8	03	06	15	18	23	27	38	2	4637万	0
1094	2016/8/4	06	07	20	24	28	43	11	1	2億4390万	0
1093	2016/8/1	04	19	26	40	42	43	09	0	該当なし	1億
1092	2016/7/28	02	11	18	27	30	33	14	1	1億483万	0
1091	2016/7/25	21	22	24	26	28	30	38	15	804万	0
1090	2016/7/21	03	10	15	22	27	40	23	2	5237万	0
1089	2016/7/18	05	17	19	22	41	42	04	1	1億1084万	0
1088	2016/7/14	05	08	16	24	32	33	22	2	5248万	0
1087	2016/7/11	10	13	26	27	30	36	06	1	2億4545万	0
1086	2016/7/7	03	07	09	31	38	43	29	0	該当なし	1億
1085	2016/7/4	03	20	21	30	34	35	23	1	1億2033万	0
1084	2016/6/30	01	07	20	28	34	38	16	2	6227万	0
1083	2016/6/27	10	13	15	18	25	38	20	2	3834万	0
1082	2016/6/23	09	12	19	21	39	40	16	2	1億2170万	0
1081	2016/6/20	06	08	13	17	18	20	28	0	該当なし	1億
1080	2016/6/16	06	15	16	19	38	41	23	1	1億1988万	0
1079	2016/6/13	08	12	19	24	30	36	42	4	2676万	0
1078	2016/6/9	03	12	20	33	35	41	34	1	1億1158万	0
1077	2016/6/6	01	04	09	23	30	36	05	2	1億9790万	0
1076	2016/6/2	21	22	24	30	31	43	19	0	該当なし	3億
1075	2016/5/30	07	08	21	24	34	42	01	0	該当なし	1億
1074	2016/5/26	08	09	16	27	30	33	19	2	1億1560万	0
1073	2016/5/23	01	03	05	08	20	39	30	0	該当なし	1億
1072	2016/5/19	03	17	20	32	36	43	04	2	5909万	0
1071	2016/5/16	01	10	25	27	31	40	03	2	1億2663万	0
1070	2016/5/12	11	21	25	34	35	36	15	0	該当なし	1億
1069	2016/5/9	12	17	26	30	33	40	08	4	3023万	0
1068	2016/5/5	03	09	21	34	35	42	04	1	1億1087万	0
1067	2016/5/2	05	09	25	27	28	33	10	1	1億825万	0
1066	2016/4/28	02	11	29	36	40	42	17	2	6252万	0
1065	2016/4/25	11	13	27	37	41	42	40	2	6159万	0
1064	2016/4/21	04	13	18	27	30	39	34	1	1億1275万	0
1063	2016/4/18	06	12	13	34	38	42	41	2	1億2744万	0
1062	2016/4/14	02	07	28	39	42	43	41	0	該当なし	1億
1061	2016/4/11	01	12	14	16	20	29	04	1	1億2114万	0
1060	2016/4/7	05	10	16	17	32	37	36	1	1億1270万	0
1059	2016/4/4	08	26	27	29	35	43	06	2	6171万	0
1058	2016/3/31	11	12	17	23	29	43	37	1	1億1548万	0
1057	2016/3/28	02	11	19	21	28	38	25	1	3億7679万	0
1056	2016/3/24	14	16	19	29	32	37	24	0	該当なし	2億
1055	2016/3/21	05	11	20	25	26	32	06	0	該当なし	1億
1054	2016/3/17	07	09	10	19	28	33	36	1	1億780万	0
1053	2016/3/14	04	11	23	27	35	42	15	3	8224万	0
1052	2016/3/10	06	26	34	37	42	43	13	0	該当なし	1億
1051	2016/3/7	05	13	20	28	30	32	16	1	1億1916万	0
1050	2016/3/3	03	08	14	28	31	43	35	3	3867万	0
1049	2016/2/29	03	06	15	23	24	31	11	1	2億5400万	0
1048	2016/2/26	26	27	30	31	34	40	20	0	該当なし	1億
1047	2016/2/22	05	09	13	31	32	35	26	1	2億5436万	0
1046	2016/2/18	06	13	17	18	27	43	21	0	該当なし	1億
1045	2016/2/15	01	19	21	30	31	43	18	2	6473万	0
1044	2016/2/11	03	07	16	26	34	39	23	1	1億1144万	0
1043	2016/2/8	21	29	30	32	38	42	16	1	1億3223万	0
1042	2016/2/4	04	10	11	12	18	25	36	12	829万	0
1041	2016/2/1	14	22	27	29	33	37	24	3	3936万	0
1040	2016/1/28	07	13	15	21	23	34	12	4	6517万	0
1039	2016/1/25	06	09	20	34	37	41	25	0	該当なし	1億
1038	2016/1/21	03	07	24	25	27	39	20	2	5251万	0
1037	2016/1/18	01	03	12	13	21	32	41	1	1億1381万	0
1036	2016/1/14	02	08	17	27	30	31	13	4	6172万	0
1035	2016/1/11	09	15	17	19	27	33	40	0	該当なし	1億
1034	2016/1/7	14	20	24	25	31	32	29	1	1億2730万	0
1033	2016/1/4	01	15	21	24	37	41	07	2	2億8275万	0
1032	2015/12/28	11	20	21	30	36	43	17	0	0	4億
1031	2015/12/24	02	04	07	22	32	35	01	0	0	3億
1030	2015/12/21	04	09	17	20	23	42	19	0	0	1億
1029	2015/12/17	05	13	22	31	37	39	04	1	1億1902万	0
1028	2015/12/14	07	10	18	21	28	36	40	4	6266万	0
1027	2015/12/10	13	16	17	19	20	38	18	0	0	1億
1026	2015/12/7	01	08	11	17	22	26	31	2	5291万	0
1025	2015/12/3	10	17	20	21	36	43	34	1	2億6094万	0
1024	2015/11/30	02	04	05	20	37	43	32	0	0	1億
1023	2015/11/26	09	17	24	25	33	40	43	2	5834万	0
1022	2015/11/23	03	15	19	30	34	37	12	2	1億2812万	0
1021	2015/11/19	03	30	32	33	34	39	28	0	0	1億
1020	2015/11/16	02	25	27	28	35	42	06	3	1億3348万	0
1019	2015/11/12	08	14	15	22	25	40	19	0	0	3億
1018	2015/11/9	03	22	25	28	32	39	21	0	0	1億
1017	2015/11/5	01	04	24	30	39	40	05	3	1億375万	0
1016	2015/11/2	01	14	31	32	39	42	34	0	0	2億
1015	2015/10/29	09	14	20	23	27	32	22	1	4億！	2千万
1014	2015/10/26	02	03	09	19	40	42	06	0	0	3億
1013	2015/10/22	03	20	36	38	39	41	22	0	0	1億
1012	2015/10/19	09	11	19	22	27	38	02	1	1億821万	0
1011	2015/10/15	23	26	27	29	30	43	06	1	1億2996万	0
1010	2015/10/12	06	12	16	24	25	37	17	2	1億9666万	0
1009	2015/10/8	03	19	34	36	40	43	28	0	0	3億
1008	2015/10/5	11	14	16	21	24	39	36	0	0	1億
1007	2015/10/1	03	08	17	25	28	43	42	1	1億1349万	0
1006	2015/9/28	07	08	16	31	32	33	12	1	1億2475万	0
1005	2015/9/24	05	13	20	24	25	27	42	1	1億1115万	0
1004	2015/9/21	03	21	23	24	27	32	36	1	1億815万	0
1003	2015/9/17	13	22	26	34	38	43	42	2	1億3605万	0
1002	2015/9/14	08	14	22	25	27	41	11	0	0	1億
1001	2015/9/10	09	12	15	16	18	35	02	1	4億！	7百万
1000	2015/9/7	01	15	21	22	26	29	37	0	0	3億
999	2015/9/3	08	15	17	30	32	36	43	0	0	1億
998	2015/8/31	01	03	12	19	26	29	28	2	1億2024万	0
997	2015/8/27	03	05	08	11	33	43	23	1	4億！	1億
996	2015/8/24	01	03	14	26	27	42	25	0	0	4億
995	2015/8/20	07	11	17	21	37	39	36	1	4億！	2億
994	2015/8/17	18	22	29	31	39	43	09	0	0	5億
993	2015/8/13	01	05	10	32	38	40	18	0	0	3億
992	2015/8/10	04	06	08	22	27	38	34	0	0	9千万
991	2015/8/6	03	18	21	25	29	37	35	3	3592万	0
990	2015/8/3	04	12	16	27	28	41	42	4	2670万	0
989	2015/7/30	05	07	31	33	36	39	21	1	2億4668万	0
988	2015/7/27	05	06	10	22	34	41	19	0	0	1億
987	2015/7/23	03	14	15	24	25	36	33	4	2789万	0
986	2015/7/20	04	11	17	30	36	43	05	2	5673万	0
985	2015/7/16	03	11	19	26	29	38	31	4	6029万	0
984	2015/7/13	14	23	24	28	37	38	20	0	0	1億
983	2015/7/9	15	19	32	35	36	38	31	1	2億7168万	0
982	2015/7/6	15	19	21	22	29	40	42	0	0	1億
981	2015/7/2	14	19	22	23	31	37	21	1	1億2019万	0
980	2015/6/29	15	20	23	35	38	42	13	3	7520万	0
979	2015/6/25	09	12	16	18	27	38	10	1	4億！	8千万
978	2015/6/22	03	11	19	30	38	42	31	1	4億！	3億
977	2015/6/18	10	15	17	27	42	43	33	0	0	5億
976	2015/6/15	06	13	22	28	42	43	29	0	0	4億
975	2015/6/11	03	11	13	27	29	36	15	0	0	2億
974	2015/6/8	02	03	29	30	32	43	26	0	0	1億
973	2015/6/4	01	05	06	12	30	31	24	2	4973万	0
972	2015/6/1	02	07	17	18	21	40	29	1	1億1779万	0
971	2015/5/28	02	03	04	12	22	29	11	4	2571万	0
970	2015/5/25	02	04	18	23	31	38	01	2	5592万	0
969	2015/5/21	03	09	19	22	23	40	10	1	1億1313万	0
968	2015/5/18	06	10	15	20	23	26	17	1	1億1091万	0
967	2015/5/14	01	11	26	30	32	40	08	1	1億2310万	0
966	2015/5/11	10	22	31	34	36	43	30	1	1億3307万	0
965	2015/5/7	10	12	19	20	21	22	13	2	1億2665万	0
964	2015/5/4	02	21	23	29	30	43	26	0	0	1億
963	2015/4/30	04	23	29	31	32	35	17	2	6435万	0
962	2015/4/27	04	06	10	24	32	37	35	4	2960万	0
961	2015/4/23	05	11	17	18	19	25	34	1	1億1501万	0
960	2015/4/20	05	18	23	32	35	39	10	2	6143万	0
959	2015/4/16	01	16	18	28	36	38	42	1	1億3503万	0
958	2015/4/13	09	18	23	24	26	30	21	2	5935万	0
957	2015/4/9	02	11	22	32	36	42	20	3	8659万	0
956	2015/4/6	01	04	06	22	24	38	34	0	0	1億
955	2015/4/2	14	19	27	28	37	42	24	1	2億6708万	0
954	2015/3/30	03	23	24	28	29	42	41	0	0	1億
953	2015/3/26	02	09	17	38	39	42	20	4	3037万	0
952	2015/3/23	10	16	22	25	31	39	27	2	1億4312万	0
951	2015/3/19	11	15	22	23	26	30	37	0	0	1億
950	2015/3/16	02	06	16	24	30	41	18	1	4億！	2千万
949	2015/3/12	05	19	26	36	39	43	09	0	0	2億
948	2015/3/9	07	16	17	28	39	43	24	0	0	1億
947	2015/3/5	01	06	21	23	27	40	09	2	6139万	0
946	2015/3/2	02	09	12	16	31	36	41	4	2999万	0
945	2015/2/26	03	10	15	23	36	37	31	2	5948万	0
944	2015/2/23	07	20	25	29	33	37	27	1	1億2955万	0
943	2015/2/19	09	10	14	15	39	43	25	3	8791万	0
942	2015/2/16	02	03	14	27	28	38	08	0	0	1億
941	2015/2/12	05	12	22	29	38	39	19	1	1億2139万	0
940	2015/2/9	01	18	28	31	35	37	39	1	2億7204万	0
939	2015/2/5	08	11	15	17	26	43	32	0	0	1億
938	2015/2/2	05	09	12	19	30	35	29	3	4046万	0
937	2015/1/29	13	15	21	25	36	41	08	3	8947万	0
936	2015/1/26	01	03	12	16	20	35	05	0	0	1億
935	2015/1/22	02	12	14	26	38	43	08	2	5801万	0
934	2015/1/19	03	07	16	17	20	32	12	1	1億2597万	0
933	2015/1/15	05	09	20	21	31	41	26	2	6269万	0
932	2015/1/12	04	15	30	37	42	43	32	1	2億7672万	0
931	2015/1/8	14	18	19	24	25	33	21	0	0	1億
930	2015/1/5	10	12	37	39	40	43	11	1	1億3775万	0
929	2014/12/29	10	12	15	25	31	34	26	5	4347万	0
928	2014/12/25	01	21	23	26	31	33	14	1	4億！	1億
927	2014/12/22	02	29	30	31	33	34	37	0	0	3億
926	2014/12/18	16	26	32	35	37	39	25	0	0	1億
925	2014/12/15	25	26	27	28	32	37	40	3	9725万	0
924	2014/12/11	13	20	24	32	35	42	43	0	0	1億
923	2014/12/8	05	13	30	31	32	35	29	2	6816万	0
922	2014/12/4	04	06	19	32	33	38	01	2	3億4242万	0
921	2014/12/1	05	07	26	36	38	39	32	1	4億！	5億
920	2014/11/27	09	17	27	30	35	38	06	0	0	7億
919	2014/11/24	02	09	12	17	33	42	26	0	0	5億
918	2014/11/20	10	15	25	29	34	36	39	0	0	4億
917	2014/11/17	02	06	25	26	41	42	18	0	0	1億
916	2014/11/13	06	14	25	27	38	43	21	1	1億1593万	0
915	2014/11/10	07	12	21	33	38	40	42	4	1億78万	0
914	2014/11/6	02	03	26	33	36	40	19	0	0	2億
913	2014/11/3	05	08	20	31	36	41	16	2	6095万	0億
912	2014/10/30	05	14	19	20	32	42	11	2	6462万	0
911	2014/10/27	08	16	18	22	27	35	03	1	1億1869万	0
910	2014/10/23	11	12	13	17	25	33	14	1	1億977万	0
909	2014/10/20	12	15	21	27	30	35	28	1	1億2177万	0
908	2014/10/16	06	14	21	22	23	30	32	1	1億1993万	0
907	2014/10/13	05	13	18	22	27	41	19	5	4935万	0
906	2014/10/9	06	09	12	13	30	40	31	0	0	1億
905	2014/10/6	04	15	24	40	41	42	31	2	1億3128万	0
904	2014/10/2	02	04	06	15	21	41	29	0	0	1億
903	2014/9/29	01	03	06	07	16	19	12	1	1億1330万	0
902	2014/9/25	11	21	26	31	32	33	22	1	2億6916万	0
901	2014/9/22	06	13	22	28	29	37	14	0	0	1億
900	2014/9/18	08	12	21	22	31	35	02	2	6321万	0
899	2014/9/15	03	10	15	18	27	40	38	1	1億1536万	0
898	2014/9/11	13	17	21	25	29	37	23	4	3156万	0
897	2014/9/8	08	10	14	15	27	30	12	3	8907万	0
896	2014/9/4	05	06	21	27	32	38	34	0	0	1億
895	2014/9/1	05	12	24	25	37	38	39	6	1945万	0
894	2014/8/28	04	05	09	20	21	32	40	2	2億2989万	0
893	2014/8/25	10	12	26	28	29	37	34	0	0	2億
892	2014/8/21	14	19	31	35	40	43	38	0	0	1億
891	2014/8/18	07	09	14	30	42	43	24	2	2億1305万	0
890	2014/8/14	01	04	06	14	28	31	21	0	0	2億
889	2014/8/11	02	10	21	28	41	43	12	0	0	1億
888	2014/8/7	02	04	09	36	37	39	43	1	1億2298万	0
887	2014/8/4	03	04	06	18	32	37	07	1	1億1499万	0
886	2014/7/31	07	10	13	23	34	39	11	1	1億2013万	0
885	2014/7/28	22	28	33	36	37	41	14	1	2億6904万	0
884	2014/7/24	02	07	25	26	38	42	19	0	0	1億
883	2014/7/21	10	16	25	29	38	42	23	1	1億1829万	0
882	2014/7/17	05	15	23	26	30	36	06	1	2億6226万	0
881	2014/7/14	04	06	12	18	28	41	35	0	0	1億
880	2014/7/10	01	08	11	16	25	32	19	2	1億4052万	0
879	2014/7/7	24	27	34	35	36	43	25	0	0	1億
878	2014/7/3	05	14	16	22	25	40	43	1	2億9060万	0
877	2014/6/30	03	14	17	32	35	43	10	0	0	1億
876	2014/6/26	11	12	18	25	35	39	09	1	1億2862万	0
875	2014/6/23	04	05	11	13	22	25	43	2	1億2978万	0
874	2014/6/19	02	08	21	27	33	37	42	0	0	1億
873	2014/6/16	04	22	26	27	32	43	20	1	1億3631万	0
872	2014/6/12	06	10	17	18	19	24	07	1	1億1797万	0
871	2014/6/9	03	10	11	13	20	27	25	3	3817万	0
870	2014/6/5	01	11	14	21	23	39	26	1	1億2903万	0
869	2014/6/2	05	07	23	24	37	38	40	7	8902万	0
868	2014/5/29	05	18	19	26	31	43	10	0	0	4億
867	2014/5/26	02	14	21	26	37	38	18	0	0	2億
866	2014/5/22	01	03	10	21	29	43	39	0	0	1億
865	2014/5/19	05	07	08	12	23	25	26	6	1672万	0
864	2014/5/15	19	21	24	28	32	40	12	2	6869万	0
863	2014/5/12	04	14	18	26	35	36	02	2	1億4553万	0
862	2014/5/8	05	10	16	34	36	39	43	0	0万	1億
861	2014/5/5	04	17	21	28	35	42	29	3	4147万	0
860	2014/5/1	14	16	32	35	38	41	06	3	1億155万	0
859	2014/4/28	01	12	15	17	21	36	24	0	0	1億
858	2014/4/24	03	14	29	32	33	42	40	2	7135万	0
857	2014/4/21	01	03	06	17	28	42	24	1	1億2807万	0
856	2014/4/17	10	24	32	34	38	40	43	2	1億5526万	0
855	2014/4/14	10	13	15	25	37	42	30	0	0	1億
854	2014/4/10	04	11	14	18	25	37	42	1	2億8074万	0
853	2014/4/7	02	09	22	26	31	35	07	0	0	1億
852	2014/4/3	03	17	22	23	27	40	35	1	1億2922万	0
851	2014/3/31	05	08	14	20	26	27	07	3	9612万	0
850	2014/3/27	02	11	30	32	38	41	04	0	0	1億
849	2014/3/24	01	03	04	10	15	40	34	2	6404万	0
848	2014/3/20	06	07	13	15	35	39	33	2	2億3290万	0
847	2014/3/17	09	10	23	31	35	36	38	0	0	3億
846	2014/3/13	09	14	18	28	30	33	04	0	0	1億
845	2014/3/10	02	12	13	22	24	34	20	1	2億7073万	0
844	2014/3/6	02	05	18	27	35	38	24	0	0	1億
843	2014/3/3	03	07	08	26	42	43	11	1	1億3256万	0
842	2014/2/27	08	11	17	26	33	43	24	2	1億4296万	0
841	2014/2/24	08	22	24	28	31	36	38	0	0	1億
840	2014/2/20	03	04	17	24	27	34	39	2	6249万	0
839	2014/2/17	01	03	05	12	13	38	37	2	5881万	0
838	2014/2/13	12	28	32	36	38	43	13	1	3億248万	0
837	2014/2/10	05	17	34	37	39	42	28	0	0	1億
836	2014/2/6	07	11	31	34	38	43	28	2	6997万	0
835	2014/2/3	05	09	10	28	39	40	24	4	7616万	0
834	2014/1/30	04	17	27	39	41	42	08	0	0	1億
833	2014/1/27	05	06	13	20	22	28	02	1	1億2986万	0
832	2014/1/23	19	24	27	31	32	33	17	2	7032万	0
831	2014/1/20	03	04	07	13	22	31	19	3	4207万	0
830	2014/1/16	05	06	09	18	28	40	22	4	3414万	0
829	2014/1/13	02	03	23	32	36	39	20	1	1億3621万	0
828	2014/1/9	02	09	10	24	25	43	26	1	2億9378万	0
827	2014/1/6	02	04	23	24	33	41	05	0	0	1億
826	2013/12/30	05	15	22	24	29	36	02	3	4512万	0
825	2013/12/26	06	10	12	16	39	40	20	4	7380万	0
824	2013/12/23	16	19	26	27	29	32	04	0	0	1億
823	2013/12/19	05	06	23	30	37	38	28	2	6692万	0
822	2013/12/16	06	11	15	24	27	33	29	5	2474万	0
821	2013/12/12	07	10	12	34	40	43	16	1	1億4109万	0
820	2013/12/9	01	11	19	28	39	43	16	1	1億3749万	0
819	2013/12/5	10	19	23	25	30	40	14	2	1億5005万	0
818	2013/12/2	05	21	24	34	37	38	16	0	0	1億
817	2013/11/28	16	21	27	32	34	43	42	1	1億4573万	0
816	2013/11/25	05	14	19	24	27	37	09	2	6245万	0
815	2013/11/21	01	02	06	24	25	41	29	1	1億2709万	0
814	2013/11/18	04	07	15	23	38	42	01	5	2625万	0
813	2013/11/14	09	10	12	13	28	38	39	3	9811万	0
812	2013/11/11	01	12	15	26	34	40	22	0	0	1億
811	2013/11/7	02	06	20	24	31	40	34	1	1億4100万	0
810	2013/11/4	03	31	32	38	39	40	37	4	3626万	0
809	2013/10/31	02	11	20	31	32	37	17	3	1億0775万	0
808	2013/10/28	13	18	22	28	41	42	26	0	0	1億
807	2013/10/24	01	06	12	20	22	23	27	1	2億9148万	0
806	2013/10/21	03	16	19	25	39	40	29	0	0	1億
805	2013/10/17	02	14	19	22	24	43	06	1	1億4018万	0
804	2013/10/14	06	20	23	25	31	33	30	2	1億5089万	0
803	2013/10/10	09	29	33	34	35	41	27	0	0	1億
802	2013/10/7	09	13	18	19	25	30	15	1	1億2845万	0
801	2013/10/3	02	18	19	20	25	31	32	1	1億4532万	0
800	2013/9/30	08	12	22	23	25	35	43	1	1億3117万	0
799	2013/9/26	04	06	08	10	19	28	25	7	5892万	0
798	2013/9/23	01	03	05	25	39	41	34	0	0	2億
797	2013/9/19	01	04	13	18	23	39	35	2	6877万	0
796	2013/9/16	01	07	11	14	22	34	02	1	1億2187万	0
795	2013/9/12	13	19	24	28	33	38	29	7	7331万	0
794	2013/9/9	15	22	25	29	34	42	02	0	0	3億
793	2013/9/5	10	13	14	19	26	43	12	0	0	1億
792	2013/9/2	01	07	14	25	37	43	04	2	7062万	0
791	2013/8/29	01	10	22	24	34	37	20	1	1億4963万	0
790	2013/8/26	09	13	19	27	34	38	08	3	1億0288万	0
789	2013/8/22	12	17	29	32	38	40	28	0	0	1億
788	2013/8/19	02	08	13	27	31	32	16	2	6527万	0
787	2013/8/15	04	05	13	21	33	34	15	1	1億3077万	0
786	2013/8/12	10	11	17	31	35	39	23	3	9753万	0
785	2013/8/8	01	09	18	20	24	29	15	0	0	1億
784	2013/8/5	01	09	23	29	37	41	22	1	1億4282万	0
783	2013/8/1	09	14	22	24	25	32	13	1	1億4061万	0
782	2013/7/29	19	21	23	24	27	43	10	3	4865万	0
781	2013/7/25	05	06	15	23	40	43	39	1	1億4735万	0
780	2013/7/22	06	07	12	26	39	43	04	1	1億3433万	0
779	2013/7/18	10	13	27	34	36	39	07	2	7300万	0
778	2013/7/15	05	11	17	24	35	41	03	4	3223万	0
777	2013/7/11	15	16	23	29	37	39	42	1	1億4682万	0
776	2013/7/8	02	08	14	23	28	42	25	3	4578万	0
775	2013/7/4	01	02	21	22	37	38	17	6	5614万	0
774	2013/7/1	02	04	09	13	16	33	15	0	0	1億
773	2013/6/27	04	07	10	11	12	32	09	3	1億6806万	0
772	2013/6/24	07	11	16	19	20	23	30	0	0	3億
771	2013/6/20	15	21	31	32	33	34	27	0	0	2億
770	2013/6/17	17	19	21	22	36	37	25	1	1億5469万	0
769	2013/6/13	01	02	04	16	17	38	08	2	7165万	0
768	2013/6/10	01	08	19	25	32	38	39	3	1億6663万	0
767	2013/6/6	02	06	11	27	29	37	14	0	0	3億
766	2013/6/3	06	10	12	32	37	39	33	0	0	1億
765	2013/5/30	04	14	17	22	26	41	06	1	1億4379万	0
764	2013/5/27	06	07	24	34	42	43	14	1	1億5248万	0
763	2013/5/23	06	08	10	21	39	42	36	4	3623万	0
762	2013/5/20	06	08	09	20	24	27	40	2	6685万	0
761	2013/5/16	08	10	11	12	20	40	42	3	4538万	0
760	2013/5/13	03	04	06	15	32	40	34	2	7607万	0
759	2013/5/9	14	22	25	28	37	41	31	1	1億5051万	0
758	2013/5/6	11	19	20	25	38	40	33	3	4821万	0
757	2013/5/2	04	10	14	19	35	38	17	1	1億5879万	0
756	2013/4/29	08	10	24	26	27	28	32	1	1億3530万	0
755	2013/4/25	10	16	20	25	29	39	02	1	3億5743万	0
754	2013/4/22	16	27	33	35	39	41	42	0	0	2億
753	2013/4/18	02	04	11	15	20	38	18	1	1億5336万	0
752	2013/4/15	03	05	13	18	22	37	14	1	1億4826万	0
751	2013/4/11	13	16	21	25	31	38	43	2	1億7081万	0
750	2013/4/8	04	06	13	16	18	39	34	0	0	1億
749	2013/4/4	07	08	11	13	23	40	25	1	1億4734万	0
748	2013/4/1	02	14	16	27	28	30	21	3	5456万	0
747	2013/3/28	08	19	20	23	24	35	05	5	3534万	0
746	2013/3/25	06	09	10	29	31	35	28	2	8945万	0
745	2013/3/21	08	12	16	23	33	34	06	2	8181万	0
744	2013/3/18	02	05	12	14	30	42	03	2	8502万	0
743	2013/3/14	03	04	08	10	14	37	32	1	1億6667万	0
742	2013/3/11	02	12	13	14	22	35	04	5	3426万	0
741	2013/3/7	08	11	15	29	36	43	18	3	6296万	0
740	2013/3/4	08	09	15	26	37	40	18	8	2291万	0
739	2013/2/28	11	13	18	20	28	38	31	1	1億8980万	0
738	2013/2/25	14	21	22	32	33	41	09	3	6307万	0
737	2013/2/21	06	10	21	24	27	39	11	5	3553万	0
736	2013/2/18	02	14	17	19	38	43	06	1	1億9525万	0
735	2013/2/14	05	12	19	22	32	39	14	1	1億9195万	0
734	2013/2/11	10	19	22	27	29	39	21	2	9088万	0
733	2013/2/7	05	13	14	26	37	38	28	6	3113万	0
732	2013/2/4	20	33	35	36	37	38	29	2	1億0513万	0
731	2013/1/31	06	07	23	25	38	42	21	2	9860万	0
730	2013/1/28	10	15	21	22	33	35	01	3	6631万	0
729	2013/1/24	02	10	16	18	27	42	22	2	9869万	0
728	2013/1/21	10	15	22	23	38	42	12	3	6353万	0
727	2013/1/17	03	24	26	27	39	41	04	3	1億4333万	0
726	2013/1/14	13	21	30	31	37	40	14	0	0	2億
725	2013/1/10	05	06	07	20	31	41	22	1	3億8048万	0
724	2013/1/7	04	09	32	37	38	39	31	1	4億！	1億
723	2012/12/27	16	27	28	36	39	42	02	0	0	2億
722	2012/12/24	06	11	32	34	35	39	18	2	3億7440万	0
721	2012/12/20	01	14	23	24	27	40	10	0	0	4億
720	2012/12/17	25	26	27	28	35	38	19	0	0	2億
719	2012/12/13	11	14	27	31	34	42	13	2	8456万	0
718	2012/12/10	15	20	27	29	33	43	18	0	0	2億
717	2012/12/6	13	14	16	21	29	42	20	3	6367万	0
716	2012/12/3	05	07	14	24	25	35	32	2	8682万	0
715	2012/11/29	05	10	12	25	28	31	36	4	4324万	0
714	2012/11/26	02	14	26	28	29	42	13	2	9102万	0
713	2012/11/22	19	20	21	24	25	26	35	8	2540万	0
712	2012/11/19	02	05	08	09	14	25	18	4	1億4165万	0
711	2012/11/15	05	11	15	24	34	39	37	1	4億！	3億
710	2012/11/12	04	05	09	20	33	37	35	0	0	4億
709	2012/11/8	01	11	13	29	37	39	08	0	0	2億
708	2012/11/5	02	13	20	22	25	38	35	1	1億8459万	0
707	2012/11/1	08	15	21	32	40	41	07	2	9534万	0
706	2012/10/29	02	08	29	31	34	37	09	4	1億1110万	0
705	2012/10/25	14	15	16	18	20	33	03	0	0	2億
704	2012/10/22	07	10	16	18	19	37	20	1	1億7739万	0
703	2012/10/18	20	24	27	28	38	41	04	1	2億4503万	0
702	2012/10/15	01	20	23	37	38	40	04	1	4億！	4千
701	2012/10/11	20	22	24	32	36	39	29	0	0	2億
700	2012/10/8	01	08	17	24	33	35	11	3	5437万	0
699	2012/10/4	12	13	21	25	29	32	20	1	1億7816万	0
698	2012/10/1	05	20	21	26	30	33	27	2	9307万	0
697	2012/9/27	02	12	14	18	40	41	06	1	1億8887万	0
696	2012/9/24	02	10	14	19	36	39	09	1	1億8262万	0
695	2012/9/20	04	07	11	12	13	19	27	5	3304万	0
694	2012/9/17	08	23	27	31	38	40	03	2	1億9970万	0
693	2012/9/13	04	14	18	22	32	35	10	0	0	2億
692	2012/9/10	09	10	12	19	21	42	15	2	9073万	0
691	2012/9/6	04	07	08	15	16	42	23	3	1億3413万	0
690	2012/9/3	07	08	10	21	34	38	30	0	0	2億
689	2012/8/30	06	08	12	17	24	31	38	8	2009万	0
688	2012/8/27	09	12	16	33	34	35	01	2	9282万	0
687	2012/8/23	16	20	27	33	40	42	34	2	9484万	0
686	2012/8/20	21	24	26	35	37	38	16	2	9474万	0
685	2012/8/16	12	23	27	32	39	43	15	2	8788万	0
684	2012/8/13	06	07	13	18	27	33	16	2	7464万	0
683	2012/8/9	16	24	29	32	35	38	37	1	1億8585万	0
682	2012/8/6	03	05	07	18	19	41	34	1	3億9343万	0
681	2012/8/2	01	11	13	30	37	41	27	0	0	2億
680	2012/7/30	08	09	23	34	38	41	06	1	2億1211万	0
679	2012/7/26	04	05	07	37	41	42	39	1	4億！	2千万
678	2012/7/23	08	24	25	29	32	40	28	0	0	1億
677	2012/7/19	04	11	22	31	32	35	23	1	1億8922万	0
676	2012/7/16	02	08	20	33	38	42	21	3	5717万	0
675	2012/7/12	08	10	15	21	24	34	28	3	6286万	0
674	2012/7/9	08	11	15	22	40	41	39	3	6163万	0
673	2012/7/5	02	06	16	27	28	29	38	2	2億1552万	0
672	2012/7/2	01	05	23	24	36	43	19	0	0	2億
671	2012/6/28	05	10	14	16	23	38	21	2	9458万	0
670	2012/6/25	01	04	07	25	32	41	18	2	2億1554万	0
669	2012/6/21	04	06	10	17	24	33	19	0	0	2億
668	2012/6/18	07	13	20	27	34	35	22	5	3910万	0
667	2012/6/14	21	31	34	37	39	40	15	2	2億1796万	0
666	2012/6/11	02	06	28	30	31	41	07	0	0	2億
665	2012/6/7	13	22	27	29	36	37	40	2	9405万	0
664	2012/6/4	02	08	11	12	26	29	22	3	5482万	0
663	2012/5/31	13	18	21	30	33	40	25	3	6543万	0
662	2012/5/28	12	31	32	34	36	40	06	3	6770万	0
661	2012/5/24	06	09	17	20	33	40	26	2	1億0007万	0
660	2012/5/21	08	20	31	36	37	38	39	3	1億1550万	0
659	2012/5/17	21	30	35	39	41	42	03	1	4億！	1億
658	2012/5/14	14	24	32	40	41	42	09	0	0	2億
657	2012/5/10	03	20	29	33	34	40	02	1	2億	1千万
656	2012/5/7	02	08	13	17	25	37	30	6	2974万	0
655	2012/5/3	05	10	23	26	28	29	27	2	9156万	0
654	2012/4/30	12	18	21	29	32	38	02	1	2億2008万	0
653	2012/4/26	13	21	22	26	29	36	31	1	2億	1千万
652	2012/4/23	01	10	16	19	20	39	29	2	1億0507万	0
651	2012/4/19	04	15	17	34	38	40	05	2	3億5684万	0
650	2012/4/16	12	31	34	40	41	43	06	1	4億！	4億
649	2012/4/12	14	22	29	33	36	40	38	0	0	5億
648	2012/4/9	22	26	27	28	36	43	01	0	0	2億
647	2012/4/5	02	07	15	22	36	43	27	1	1億9318万	0
646	2012/4/2	09	12	14	24	28	33	37	2	9124万	0
645	2012/3/29	03	10	12	32	33	43	31	2	9934万	0
644	2012/3/26	04	14	22	23	26	42	02	3	1億4519万	0
643	2012/3/22	02	06	21	31	35	37	15	0	0	2億
642	2012/3/19	08	13	14	21	33	41	18	2	2億1760万	0
641	2012/3/15	03	14	21	24	26	29	32	0	0	2億
640	2012/3/12	03	11	18	20	33	39	22	4	4579万	0
639	2012/3/8	01	16	20	24	33	34	08	3	7350万	0
638	2012/3/5	06	11	19	28	35	40	14	3	6447万	0
637	2012/3/1	07	12	16	28	31	34	11	7	1億0312万	0
636	2012/2/27	02	12	21	23	24	26	36	0	0	4億
635	2012/2/23	08	11	12	15	41	43	22	0	0	2億
634	2012/2/20	08	10	13	15	20	40	23	2	1億0089万	0
633	2012/2/16	07	09	11	14	15	18	05	1	1億9527万	0
632	2012/2/13	03	04	14	21	22	25	26	3	1億5430万	0
631	2012/2/9	02	05	07	10	36	40	12	0	0	2億
630	2012/2/6	03	07	13	18	19	41	38	1	2億2312万	0
629	2012/2/2	06	16	21	30	34	43	36	1	2億	1億
628	2012/1/30	07	13	15	18	29	38	30	4	5696万	0
627	2012/1/26	02	04	07	19	34	42	30	1	2億	1億
626	2012/1/23	06	13	14	22	26	28	10	1	1億9065万	0
625	2012/1/19	05	17	26	37	39	42	20	13	1610万	0
624	2012/1/16	04	08	12	22	25	30	43	3	1億5519万	0
623	2012/1/12	07	08	16	35	39	42	09	0	0	2億
622	2012/1/9	07	16	18	20	27	36	41	5	3878万	0
621	2012/1/5	06	15	16	28	36	40	20	1	3億2755万	0
620	2011/12/29	07	10	13	19	31	38	12	1	4億！	9千万
619	2011/12/26	02	11	29	31	33	38	14	0	0	2億
618	2011/12/22	04	15	21	31	35	42	13	2	1億1509万	0
617	2011/12/19	05	08	18	28	34	35	10	1	2億1726万	0
616	2011/12/15	04	07	18	19	24	35	17	1	2億	7百万
615	2011/12/12	06	16	24	32	36	43	28	2	9787万	0
614	2011/12/8	02	06	22	25	31	42	01	2	1億0295万	0
613	2011/12/5	02	06	18	26	32	37	05	7	6608万	0
612	2011/12/1	07	18	31	32	39	40	35	0	0	2億
611	2011/11/28	10	12	14	24	34	39	16	2	9985万	0
610	2011/11/24	02	05	12	23	26	41	36	7	6054万	0
609	2011/11/21	18	24	36	37	39	41	01	0	0	2億
608	2011/11/17	04	06	16	17	18	26	40	4	4988万	0
607	2011/11/14	02	03	08	12	20	21	16	3	6306万	0
606	2011/11/10	08	15	24	26	35	42	07	3	7045万	0
605	2011/11/7	01	04	13	25	38	43	11	5	4155万	0
604	2011/11/3	09	15	20	22	28	43	37	2	1億0759万	0
603	2011/10/31	03	08	18	21	23	42	17	3	2億2638万	0
602	2011/10/27	08	13	15	18	24	41	27	1	4億！	4億
601	2011/10/24	06	22	25	26	30	39	32	0	0	5億
600	2011/10/20	03	20	23	24	28	35	26	0	0	2億
599	2011/10/17	01	02	08	13	27	39	36	2	2億1631万	0
598	2011/10/13	06	10	15	21	36	41	40	0	0	2億
597	2011/10/10	03	04	07	13	16	23	01	3	5433万	0
596	2011/10/6	02	13	17	24	29	34	12	2	1億0317万	0
595	2011/10/3	01	05	15	22	39	40	27	5	9381万	0
594	2011/9/29	04	05	15	30	34	38	02	0	0	2億
593	2011/9/26	02	10	16	26	29	30	04	1	1億9726万	0
592	2011/9/22	12	14	22	23	34	41	36	1	1億9176万	0
591	2011/9/19	01	13	16	22	27	33	05	2	1億1461万	0
590	2011/9/15	20	24	25	27	32	37	02	1	2億	2億
589	2011/9/12	01	09	10	28	41	42	33	2	1億2248万	0
588	2011/9/8	08	13	18	33	34	36	23	1	2億	2億
587	2011/9/5	10	12	18	27	33	40	42	2	9493万	0
586	2011/9/1	06	07	10	23	36	42	11	3	1億6051万	0
585	2011/8/29	01	28	32	34	41	42	22	0	0	2億
584	2011/8/25	10	11	24	26	37	38	21	6	7448万	0
583	2011/8/22	02	12	17	18	40	43	16	0	0	2億
582	2011/8/18	07	10	14	25	32	38	13	4	5067万	0
581	2011/8/15	05	22	28	29	35	39	21	3	6688万	0
580	2011/8/11	12	15	17	25	35	43	32	1	2億	1百万
579	2011/8/8	06	08	17	19	23	42	32	2	2億1339万	0
578	2011/8/4	16	22	23	27	33	37	36	0	0	2億
577	2011/8/1	03	12	29	31	36	37	26	1	2億3117万	0
576	2011/7/28	08	09	21	24	29	37	01	1	2億	2千万
575	2011/7/25	04	11	17	21	23	30	18	2	1億1204万	0
574	2011/7/21	04	11	16	20	26	43	09	1	4億！	3千万
573	2011/7/18	03	05	21	30	37	38	11	0	0	2億
572	2011/7/14	10	12	18	38	42	43	40	3	7156万	0
571	2011/7/11	06	20	21	23	33	38	10	5	3989万	0
570	2011/7/7	02	04	10	28	38	43	25	2	2億3914万	0
569	2011/7/4	04	19	21	25	28	40	38	0	0	2億
568	2011/6/30	07	10	15	31	32	42	41	2	2億5860万	0
567	2011/6/27	07	13	17	23	28	34	25	0	0	2億
566	2011/6/23	10	17	18	29	30	41	07	1	2億	1千万
565	2011/6/20	03	06	08	21	28	32	10	3	6390万	0
564	2011/6/16	03	12	18	24	34	39	16	4	5200万	0
563	2011/6/13	04	05	26	28	34	38	08	2	9774万	0
562	2011/6/9	09	10	11	25	30	37	12	3	6748万	0
561	2011/6/6	04	14	30	35	40	41	29	2	1億2797万	0
560	2011/6/2	04	17	19	37	39	42	16	1	2億	2億
559	2011/5/30	02	07	16	25	26	43	03	1	1億9654万	0
558	2011/5/26	04	32	33	38	41	43	02	2	1億2043万	0
557	2011/5/23	06	18	23	32	38	43	37	4	4939万	0
556	2011/5/19	06	09	13	17	29	30	25	3	7091万	0
555	2011/5/16	02	03	07	09	36	42	05	2	1億0432万	0
554	2011/5/12	16	27	34	35	36	38	37	2	2億2884万	0
553	2011/5/9	03	09	11	15	27	37	10	0	0	2億
552	2011/5/5	13	22	26	30	40	41	08	3	7165万	0
551	2011/5/2	15	16	19	21	26	42	10	2	1億1173万	0
550	2011/4/28	12	15	19	32	36	42	37	2	1億2318万	0
549	2011/4/25	05	14	27	29	32	33	16	2	1億0328万	0
548	2011/4/21	12	13	16	28	29	35	05	3	1億3185万	0
547	2011/4/18	06	10	11	30	32	39	27	1	4億！	1億
546	2011/4/14	01	14	30	34	40	43	27	0	0	3億
545	2011/4/11	16	21	24	28	32	36	35	5	4334万	0
544	2011/4/7	11	14	16	32	41	42	33	1	2億9143万	0
543	2011/4/4	15	17	18	19	22	31	30	1	2億	2千万
542	2011/3/31	10	14	23	35	38	41	17	2	1億4840万	0
541	2011/3/24	03	04	05	28	34	43	20	2	1億4704万	0
540	2011/3/17	15	23	29	35	36	41	42	2	1億3552万	0
539	2011/3/10	03	10	13	17	18	28	24	3	1億0004万	0
538	2011/3/3	02	11	14	23	26	33	28	6	4750万	0
537	2011/2/24	10	18	22	24	26	37	12	4	8226万	0
536	2011/2/17	04	10	12	14	23	36	02	3	1億0639万	0
535	2011/2/10	06	14	23	24	27	32	11	2	1億5858万	0
534	2011/2/3	01	02	19	22	26	37	43	3	2億6013万	0
533	2011/1/27	06	16	24	31	41	43	07	0	0	3億
532	2011/1/20	23	28	33	35	37	42	04	4	8413万	0
531	2011/1/13	05	12	16	24	26	33	08	4	7836万	0
530	2011/1/6	01	10	19	30	33	36	35	2	1億4768万	0
529	2010/12/30	06	19	21	24	31	41	07	3	1億1326万	0
528	2010/12/23	02	05	12	21	28	32	41	3	1億838万	0
527	2010/12/16	05	07	12	23	39	41	09	12	2億6477万	0
526	2010/12/9	08	14	18	19	26	27	23	6	5095万	0
525	2010/12/2	01	11	17	28	33	38	20	2	1億6419万	0
524	2010/11/25	07	11	14	18	35	40	43	3	1億1188万	0
523	2010/11/18	07	08	26	27	41	43	16	2	2億5407万	0
522	2010/11/11	03	06	16	23	25	43	37	1	2億	1億
521	2010/11/4	01	08	15	21	23	30	33	3	1億856万	0
520	2010/10/28	02	04	12	14	26	43	40	2	3億9060万	0
519	2010/10/21	01	13	25	29	30	33	35	1	4億！	4億
518	2010/10/14	14	31	34	35	40	42	25	0	0	4億
517	2010/10/7	06	10	13	14	28	37	39	5	6351万	0
516	2010/9/30	02	14	16	17	29	30	10	7	4759万	0
515	2010/9/23	02	03	23	25	33	35	34	2	1億5892万	0
514	2010/9/16	06	07	14	15	19	41	31	4	1億6251万	0
513	2010/9/9	01	06	12	14	15	19	18	2	4億！	2億
512	2010/9/2	14	20	23	25	33	39	34	0	0	5億
511	2010/8/26	04	22	23	27	38	43	09	1	2億	1億
510	2010/8/19	12	15	26	35	41	43	25	2	1億6540万	0
509	2010/8/12	03	04	12	18	27	28	40	8	3328万	0
508	2010/8/5	01	07	14	15	24	42	13	2	1億6025万	0
507	2010/7/29	05	14	19	21	28	31	17	5	9424万	0
506	2010/7/22	05	11	21	27	37	39	26	1	2億	1億
505	2010/7/15	19	21	27	33	34	43	41	2	1億7345万	0
504	2010/7/8	12	21	22	27	29	31	35	2	3億8924万	0
503	2010/7/1	01	18	25	27	28	39	11	0	0	3億
502	2010/6/24	09	12	27	28	29	41	07	3	1億1250万	0
501	2010/6/17	03	17	21	23	36	38	07	3	2億5066万	0
500	2010/6/10	06	20	28	31	34	38	10	0	0	3億
499	2010/6/3	03	09	15	16	22	35	12	5	6183万	0
497	2010/5/27	01	25	36	41	42	43	39	3	1億2294万	0
497	2010/5/20	06	12	14	17	36	40	34	2	1億6800万	0
496	2010/5/13	02	06	11	29	32	41	03	2	1億7485万	0
495	2010/5/6	04	06	20	21	29	33	31	2	1億7220万	0
494	2010/4/29	08	16	19	23	26	31	06	2	2億7524万	0
493	2010/4/22	08	26	30	36	41	42	20	1	2億	2億
492	2010/4/15	01	08	12	20	23	37	10	3	1億1283万	0
491	2010/4/8	07	09	20	27	31	34	33	2	1億7512万	0
490	2010/4/1	05	09	13	28	34	40	10	9	3800万	0
489	2010/3/25	06	08	12	30	33	43	36	2	1億6557万	0
488	2010/3/18	05	15	29	34	39	42	06	6	9563万	0
487	2010/3/11	02	06	08	19	22	34	30	1	2億	1億
486	2010/3/4	16	25	27	29	34	41	06	2	1億8382万	0
485	2010/2/25	14	26	30	33	34	39	19	5	1億6945万	0
484	2010/2/18	13	19	25	29	32	35	42	0	0	4億
483	2010/2/11	02	08	15	24	33	35	30	5	1億1761万	0
482	2010/2/4	04	30	31	36	37	38	19	1	2億	2億
481	2010/1/28	02	09	11	24	25	34	20	7	5252万	0
480	2010/1/21	02	05	17	18	35	38	34	5	1億6253万	0
479	2010/1/14	05	07	14	17	20	27	03	0	0	3億
478	2010/1/7	11	14	23	30	31	38	42	4	9798万	0
477	2009/12/24	12	14	16	18	38	41	17	2	1億8514万	0
476	2009/12/17	07	17	22	30	36	40	02	5	6940万	0
475	2009/12/10	05	09	10	27	33	42	02	5	6667万	0
474	2009/12/3	12	15	19	25	28	41	18	4	8473万	0
473	2009/11/26	06	16	17	22	34	37	26	4	8697万	0
472	2009/11/19	10	17	28	30	36	42	05	5	1億855万	0
471	2009/11/12	02	13	14	22	23	32	34	1	2億	1億
470	2009/11/5	01	11	17	23	38	43	18	3	1億9068万	0
496	2009/10/29	10	12	20	35	40	43	28	1	2億	2億
468	2009/10/22	09	17	26	30	34	40	33	6	9663万	0
467	2009/10/15	18	19	20	24	32	43	41	1	2億	2億
466	2009/10/8	01	04	19	28	34	40	14	2	2億8222万	0
465	2009/10/1	06	24	27	30	32	38	13	1	2億	2億
464	2009/9/24	10	21	22	25	27	37	36	3	1億1594万	0
463	2009/9/17	10	13	16	25	30	42	28	2	3億291万	0
462	2009/9/10	02	04	06	16	31	33	05	1	4億！	2億
461	2009/9/3	08	10	13	30	32	42	12	1	2億	2億
460	2009/8/27	18	22	23	32	35	40	07	2	1億8119万	0
459	2009/8/20	11	13	27	31	37	43	30	5	6634万	0
458	2009/8/13	01	18	27	30	36	40	05	2	3億8943万	0
457	2009/8/6	10	12	27	32	34	43	42	0	0	4億
456	2009/7/30	03	07	15	25	30	39	22	6	1億2417万	0
455	2009/7/23	11	20	26	28	30	43	24	0	0	3百万
454	2009/7/16	02	16	18	27	42	43	12	2	1億7237万	0
453	2009/7/9	07	17	19	27	35	40	41	4	1億3919万	0
452	2009/7/2	01	05	25	27	29	40	19	1	2億	2億
451	2009/6/25	06	14	16	19	26	39	21	2	1億1596万	0
450	2009/6/18	15	20	21	32	40	42	27	2	1億8758万	0
449	2009/6/11	19	20	21	23	27	32	24	3	2億6703万	0
448	2009/6/4	09	23	32	35	39	42	37	0	0	3億
447	2009/5/28	15	23	29	36	42	43	34	4	8820万	0
446	2009/5/21	03	08	17	26	27	36	13	8	3856万	0
445	2009/5/14	10	20	23	26	37	40	9	3	1億2157万	0
444	2009/5/7	05	13	16	18	24	32	30	7	4688万	0
443	2009/4/30	06	10	21	22	23	35	05	3	1億1951万	0
442	2009/4/23	02	23	26	35	41	42	38	2	3億792万	0
441	2009/4/16	10	18	33	34	39	41	21	1	2億	2億
440	2009/4/9	09	23	29	30	31	39	18	2	2億9015万	0
439	2009/4/2	11	14	20	28	32	41	27	1	2億	2億
438	2009/3/26	03	09	16	17	20	31	42	3	1億8066万	0
437	2009/3/19	02	05	11	21	23	43	15	1	2億	2億
436	2009/3/12	04	12	21	22	27	38	31	12	2864万	0
435	2009/3/5	02	11	12	28	35	37	27	5	6893万	0
434	2009/2/26	03	12	19	33	35	36	37	2	1億7790万	0
433	2009/2/19	03	09	11	24	26	34	25	2	3億1104万	0
432	2009/2/12	08	20	23	24	42	43	16	1	2億	2億
431	2009/2/5	01	05	19	20	35	41	33	5	8014万	0
430	2009/1/29	01	08	18	26	34	42	21	9	4540万	0
429	2009/1/22	17	25	29	33	37	42	07	6	1億2462万	0
428	2009/1/15	08	16	18	35	42	43	13	2	4億！	3億
427	2009/1/8	05	12	13	33	39	42	20	1	4億！	5
426	2008/12/25	06	08	09	29	32	37	04	0	0	4億
425	2008/12/18	02	03	12	20	34	43	04	3	1億2652万	0
424	2008/12/11	03	13	17	25	40	41	04	5	7321万	0
423	2008/12/4	01	02	03	30	35	36	21	7	5446万	0
422	2008/11/27	05	06	07	08	28	38	36	6	1億7538万	0
421	2008/11/20	02	06	08	10	25	34	31	0	0	6億
420	2008/11/13	14	19	21	28	29	31	24	1	2億	2億
419	2008/11/6	05	08	16	25	26	30	01	6	5686万	0
418	2008/10/30	03	12	16	25	32	36	34	5	6841万	0
417	2008/10/23	03	20	23	30	31	37	06	7	4716万	0
416	2008/10/16	12	15	22	24	29	37	06	4	8382万	0
415	2008/10/9	09	28	33	34	37	43	41	3	1億2229万	0
414	2008/10/2	01	02	04	05	09	25	15	9	3701万	0
413	2008/9/25	02	14	15	26	35	37	25	2	1億7676万	0
412	2008/9/18	02	06	07	09	16	19	33	2	1億7439万	0
411	2008/9/11	02	04	06	24	35	39	34	2	3億2033万	0
410	2008/9/4	02	12	16	20	42	43	28	1	2億	2億
409	2008/8/28	06	13	17	27	28	36	33	6	8845万	0
408	2008/8/21	12	20	23	28	31	32	39	1	2億	1億
407	2008/8/14	11	18	19	30	37	39	38	3	2億5078万	0
406	2008/8/7	01	02	04	16	36	37	40	0	0	3億
405	2008/7/31	06	13	19	20	30	31	08	2	1億7564万	0
404	2008/7/24	03	10	14	18	26	43	33	4	1億3912万	0
403	2008/7/17	08	10	13	20	24	33	23	1	2億	2億
402	2008/7/10	03	18	23	24	29	33	28	2	1億7770万	0
401	2008/7/3	14	15	27	34	35	42	37	8	4678万	0
400	2008/6/26	04	09	19	22	23	33	38	4	9112万	0
399	2008/6/19	01	14	17	28	31	37	21	5	1億3084万	0
398	2008/6/12	02	31	36	37	39	43	13	1	4億！	2億
397	2008/6/5	15	16	23	30	39	43	11	1	2億	0
396	2008/5/29	09	12	21	26	33	40	05	6	2億3539万	0
395	2008/5/22	15	21	26	28	42	43	39	0	0	8億
394	2008/5/15	14	27	28	31	37	40	18	0	0	4億
393	2008/5/8	07	18	27	37	38	43	35	2	1億7310万	0
392	2008/5/1	10	15	18	30	31	37	11	6	5676万	0
391	2008/4/24	08	20	23	24	29	38	43	3	1億1485万	0
390	2008/4/17	05	16	17	22	39	43	21	4	8988万	0
389	2008/4/10	06	12	22	25	31	35	28	5	6991万	0
388	2008/4/3	05	12	14	18	20	31	02	2	1億7849万	0
387	2008/3/27	12	16	19	27	30	32	38	4	9243万	0
386	2008/3/20	02	09	11	15	23	25	27	7	8454万	0
385	2008/3/13	06	31	34	35	37	40	07	1	2億	2億
384	2008/3/6	17	19	20	22	33	41	35	2	3億1526万	0
383	2008/2/28	07	12	17	18	24	28	43	1	2億	2億
382	2008/2/21	02	06	15	28	29	43	14	5	1億4571万	0
381	2008/2/14	04	13	15	22	39	41	30	1	4億！	2億
380	2008/2/7	17	22	25	26	27	43	16	1	4億！	2億
379	2008/1/31	08	13	15	21	33	34	05	2	4億！	8千万
378	2008/1/24	11	13	19	26	36	43	31	0	0	4億
377	2008/1/17	02	03	08	20	21	24	13	3	2億2994万	0
376	2008/1/10	20	21	25	27	34	38	16	1	2億	2億
375	2007/12/27	07	09	14	17	36	37	11	7	8528万	0
374	2007/12/20	04	24	25	26	27	34	28	1	2億	2億
373	2007/12/13	07	14	15	19	35	43	30	2	1億8312万	0
372	2007/12/6	07	19	28	33	35	39	21	7	4967万	0
371	2007/11/29	14	15	23	24	32	34	31	2	1億8751万	0
370	2007/11/22	02	11	13	15	16	32	43	3	1億2224万	0
369	2007/11/15	03	09	12	16	18	37	14	2	1億7576万	0
368	2007/11/8	07	10	18	21	33	35	13	7	1億6271万	0
367	2007/11/1	10	13	17	38	41	43	28	0	0	6億
366	2007/10/25	12	13	15	18	30	41	21	1	2億	1億
365	2007/10/18	06	19	20	28	36	37	11	8	6537万	0
364	2007/10/11	07	11	12	19	33	42	36	1	2億	1億
363	2007/10/4	03	06	07	22	27	31	04	4	1億3565万	0
362	2007/9/27	07	10	15	20	37	40	28	1	4億！	2億
361	2007/9/20	01	21	28	30	37	43	31	1	2億	2億
360	2007/9/13	02	03	06	14	26	42	25	3	1億0952万	0
359	2007/9/6	03	05	19	20	23	27	40	7	4462万	0
358	2007/8/30	12	31	32	34	39	42	30	5	7432万	0
357	2007/8/23	02	10	11	12	19	38	06	2	1億5917万	0
356	2007/8/16	01	05	08	12	17	29	28	8	5723万	0
355	2007/8/9	01	11	24	26	36	37	39	1	2億	1億
354	2007/8/2	04	06	22	31	34	41	43	4	8661万	0
353	2007/7/26	01	09	15	16	22	26	29	3	1億1196万	0
352	2007/7/19	06	08	24	25	34	38	10	2	1億6860万	0
351	2007/7/12	03	13	16	24	26	43	15	3	1億2281万	0
350	2007/7/5	13	18	25	26	29	40	06	5	1億1720万	0
349	2007/6/28	08	13	15	19	20	30	25	1	2億	2億
348	2007/6/21	04	05	06	27	36	38	13	4	8341万	0
347	2007/6/14	08	20	23	27	32	33	13	2	1億7507万	0
346	2007/6/7	04	09	11	12	32	38	16	2	2億7506万	0
345	2007/5/31	10	21	22	25	35	37	18	1	2億	2億
344	2007/5/24	08	11	16	20	28	36	42	7	4784万	0
343	2007/5/17	13	28	29	37	38	41	35	3	1億2222万	0
342	2007/5/10	08	15	26	27	34	38	10	7	4771万	0
341	2007/5/3	04	14	23	25	28	35	41	2	1億6768万	0
340	2007/4/26	04	10	13	31	35	42	07	3	1億2521万	0
339	2007/4/19	03	05	09	26	34	36	12	4	1億4487万	0
338	2007/4/12	08	10	25	31	39	40	35	1	2億	2億
337	2007/4/5	05	15	16	20	34	39	29	2	2億8673万	0
336	2007/3/29	03	06	13	17	20	29	11	1	2億	1億
335	2007/3/22	04	05	10	23	36	42	08	2	1億7676万	0
334	2007/3/15	11	14	17	18	34	36	23	5	1億2795万	0
333	2007/3/8	01	05	07	15	41	42	38	1	4億！	2億
332	2007/3/1	07	08	16	24	26	34	19	1	2億	2億
331	2007/2/22	02	08	17	24	32	38	35	21	1662万	0
330	2007/2/15	05	12	16	19	28	39	34	5	6943万	0
329	2007/2/8	06	08	15	17	39	40	37	5	7102万	0
328	2007/2/1	03	07	10	12	19	36	35	7	4989万	0
327	2007/1/25	06	12	14	28	31	36	35	6	6198万	0
326	2007/1/18	01	07	09	14	23	43	19	6	6071万	0
325	2007/1/11	06	07	18	29	33	39	43	5	7189万	0
324	2007/1/4	05	13	27	37	39	41	36	4	6483万	0
323	2006/12/28	09	11	21	23	33	39	26	8	4543万	0
322	2006/12/21	18	19	22	25	35	42	36	3	1億4452万	0
321	2006/12/14	21	29	31	36	38	41	10	2	2億	5百万
320	2006/12/7	01	05	25	27	38	41	09	4	9131万	0
319	2006/11/30	15	20	23	28	37	40	17	7	1億2210万	0
318	2006/11/23	02	07	13	16	36	37	41	0	0	4億
317	2006/11/16	07	08	15	30	35	36	40	7	5435万	0
316	2006/11/9	03	04	20	30	40	41	31	4	9723万	0
315	2006/11/2	01	02	17	24	40	41	31	5	8056万	0
314	2006/10/26	03	08	14	30	38	43	06	4	1億0099万	0
313	2006/10/19	01	19	21	31	32	40	33	3	1億4388万	0
312	2006/10/12	02	17	22	29	38	42	16	10	8946万	0
311	2006/10/5	01	16	22	36	37	42	34	1	4億！	4億
310	2006/9/28	03	04	05	18	28	37	26	1	4億！	2億
309	2006/9/21	01	04	26	36	41	42	09	2	4億！	2億
308	2006/9/14	03	13	18	20	23	28	35	0	0	4億
307	2006/9/7	01	07	11	32	33	40	27	6	2億5110万	0
306	2006/8/31	01	20	25	28	31	42	02	0	0	6億
305	2006/8/24	01	02	05	23	31	34	43	1	2億	2億
304	2006/8/17	03	07	08	15	17	31	27	7	1億0541万	0
303	2006/8/10	04	24	31	35	37	39	13	0	0	3億
302	2006/8/3	02	04	13	23	38	40	24	2	1億7788万	0
301	2006/7/27	04	05	06	09	10	11	33	28	1847万	0
300	2006/7/20	04	07	29	33	36	39	09	1	4億！	1億
299	2006/7/13	02	04	05	17	35	41	18	1	2億	2億
298	2006/7/6	12	25	29	31	35	40	26	5	1億7533万	0
297	2006/6/29	06	08	09	20	38	40	02	0	0	3億
296	2006/6/22	04	19	27	30	31	37	10	4	8607万	0
295	2006/6/15	09	12	18	20	37	43	05	2	1億7847万	0
294	2006/6/8	02	05	13	14	17	20	21	3	1億9257万	0
293	2006/6/1	06	08	15	17	36	43	38	1	2億	2億
292	2006/5/25	07	14	27	31	34	39	40	6	5888万	0
291	2006/5/18	10	15	20	28	41	43	19	2	3億2148万	0
290	2006/5/11	11	13	15	17	22	43	08	1	2億	2億
289	2006/5/4	07	09	12	17	34	38	03	3	1億0738万	0
288	2006/4/27	03	04	11	25	28	33	35	11	8165万	0
287	2006/4/20	01	05	18	34	35	39	07	0	0	4億
286	2006/4/13	10	11	14	28	31	41	03	5	7511万	0
285	2006/4/6	01	03	09	14	16	29	37	7	5246万	0
284	2006/3/30	20	26	30	33	35	38	04	6	2億1552万	0
283	2006/3/23	06	09	16	22	27	37	36	0	0	6億
282	2006/3/16	01	09	17	31	41	43	23	1	2億	2億
281	2006/3/9	03	09	10	11	19	35	30	16	3530万	0
280	2006/3/2	06	12	26	37	38	39	25	1	2億	1億
279	2006/2/23	07	11	12	23	30	43	27	8	4177万	0
278	2006/2/16	09	13	14	17	22	38	33	4	1億4643万	0
277	2006/2/9	07	09	18	20	30	38	23	1	2億	2億
276	2006/2/2	06	11	27	30	33	36	34	2	1億6110万	0
275	2006/1/26	04	13	15	31	33	40	08	3	1億2332万	0
274	2006/1/19	04	05	14	27	31	39	06	6	5847万	0
273	2006/1/12	04	18	20	21	29	40	37	2	3億8792万	0
272	2006/1/5	07	12	13	20	23	26	41	0	0	3億
271	2005/12/29	09	10	19	25	40	41	08	2	1億8118万	0
270	2005/12/22	17	19	21	29	33	38	30	4	8535万	0
269	2005/12/15	01	10	13	15	21	23	36	3	1億1659万	0
268	2005/12/8	03	06	08	14	24	36	15	5	6517万	0
267	2005/12/1	03	05	08	22	35	38	41	6	5851万	0
266	2005/11/24	11	15	18	24	30	39	07	8	4041万	0
265	2005/11/17	02	03	16	22	23	28	40	5	2億4216万	0
264	2005/11/10	02	05	06	08	20	27	43	0	0	5億
263	2005/11/3	01	05	13	22	39	41	04	1	2億	1億
262	2005/10/27	05	07	11	19	21	25	27	5	6263万	0
261	2005/10/20	06	17	18	21	35	41	32	6	5481万	0
260	2005/10/13	11	15	21	31	37	41	30	9	3454万	0
259	2005/10/6	01	12	15	23	34	42	27	21	2291万	0
258	2005/9/29	03	15	16	17	25	31	40	1	2億	1億
257	2005/9/22	07	15	29	30	39	40	11	2	1億5789万	0
256	2005/9/15	15	17	18	28	30	37	40	2	1億5137万	0
255	2005/9/8	06	07	12	17	34	42	08	4	8032万	0
254	2005/9/1	12	13	22	23	25	29	40	4	1億2192万	0
253	2005/8/25	15	16	19	22	36	43	13	1	2億	1億
252	2005/8/18	02	06	13	22	32	33	12	3	1億282万	0
251	2005/8/11	02	12	19	25	29	36	26	4	7394万	0
250	2005/8/4	03	08	09	13	22	42	11	3	1億235万	0
249	2005/7/28	01	03	17	23	33	35	18	3	1億465万	0
248	2005/7/21	11	32	35	36	39	41	06	3	1億205万	0
247	2005/7/14	08	16	30	32	34	39	13	2	1億6348万	0
246	2005/7/7	16	28	32	34	39	42	38	2	1億7366万	0
245	2005/6/30	03	06	18	24	28	36	21	7	4199万	0
244	2005/6/23	11	12	30	36	38	39	37	2	1億6656万	0
243	2005/6/16	05	34	35	38	42	43	08	2	4億！	3百万
242	2005/6/9	01	10	13	22	29	32	38	0	0	3億
241	2005/6/2	08	14	27	33	36	40	20	4	7398万	0
240	2005/5/26	11	15	26	31	36	39	12	3	9949万	0
239	2005/5/19	04	09	18	30	31	40	24	7	4139万	0
238	2005/5/12	05	10	15	20	33	37	30	4	8206万	0
237	2005/5/5	01	03	11	13	27	37	30	3	9275万	0
236	2005/4/28	01	08	09	14	34	38	04	2	1億7037万	0
235	2005/4/21	06	21	23	24	28	39	38	3	1億770万	0
234	2005/4/14	11	17	24	26	27	30	19	3	1億1080万	0
233	2005/4/7	06	18	26	40	41	42	09	3	2億5207万	0
232	2005/3/31	01	05	07	26	39	43	32	0	0	3億
231	2005/3/24	01	04	06	16	18	43	41	4	7809万	0
230	2005/3/17	04	09	18	31	36	42	34	167	181万	0
229	2005/3/10	08	16	21	24	27	36	20	3	1億301万	0
228	2005/3/3	05	08	17	26	36	39	34	4	7575万	0
227	2005/2/24	06	13	17	29	32	36	35	9	5935万	0
226	2005/2/17	08	26	36	40	42	43	21	1	2億	2億
225	2005/2/10	09	11	21	31	35	38	13	4	1億2713万	0
224	2005/2/3	12	17	18	19	30	35	13	1	2億	1億
223	2005/1/27	07	09	19	26	30	32	03	4	8493万	0
222	2005/1/20	04	14	15	22	29	31	20	4	8487万	0
221	2005/1/13	08	27	30	31	38	42	13	3	3億2038万	0
220	2005/1/6	23	25	26	29	33	37	40	0	0	4億
219	2004/12/30	27	28	29	34	35	39	33	1	2億	1億
218	2004/12/23	08	10	18	22	31	36	04	5	5548万	0
217	2004/12/16	08	19	23	27	29	39	28	4	7445万	0
216	2004/12/9	09	21	29	33	35	41	27	3	1億883万	0
215	2004/12/2	01	04	13	18	22	31	30	4	8065万	0
214	2004/11/25	04	07	09	11	20	36	32	3	1億5594万	0
213	2004/11/18	04	07	18	26	29	43	08	1	2億	1億
212	2004/11/11	01	11	17	32	35	39	20	2	2億4184万	0
211	2004/11/4	10	14	23	26	33	36	24	1	2億	1億
210	2004/10/28	01	06	21	22	37	40	19	2	3億9078万	0
209	2004/10/21	08	27	30	35	40	41	09	0	0	3億
208	2004/10/14	18	24	29	32	35	39	23	2	3億3283万	0
207	2004/10/7	17	21	23	30	31	34	05	0	0	3億
206	2004/9/30	01	03	16	22	41	43	13	2	1億4816万	0
205	2004/9/23	04	07	09	16	18	34	26	3	8767万	0
204	2004/9/16	02	17	20	25	39	42	30	2	1億5034万	0
203	2004/9/9	12	18	20	27	35	37	39	3	9754万	0
202	2004/9/2	09	18	26	28	33	40	10	2	2億1210万	0
201	2004/8/26	10	13	16	17	24	39	43	1	2億	1億
200	2004/8/19	04	07	11	19	25	28	02	6	4290万	0
199	2004/8/12	03	14	24	25	33	36	41	16	2520万	0
198	2004/8/5	04	05	06	17	20	42	10	1	2億	1億
197	2004/7/29	09	10	17	22	28	30	19	7	3749万	0
196	2004/7/22	04	05	11	16	30	33	14	5	5712万	0
195	2004/7/15	05	10	12	22	26	41	19	2	1億4910万	0
194	2004/7/8	04	11	12	21	36	38	37	3	2億4932万	0
193	2004/7/1	03	04	18	31	40	43	22	0	0	3億
192	2004/6/24	03	07	19	27	39	41	10	12	7010万	0
191	2004/6/17	04	07	25	27	34	43	35	0	0	4億
190	2004/6/10	17	23	30	31	39	43	42	1	4億！	6千万
189	2004/6/3	03	32	35	36	39	40	05	1	2億	1億
188	2004/5/27	03	08	18	25	26	39	38	10	2766万	0
187	2004/5/20	12	21	22	27	39	40	25	4	1億1190万	0
186	2004/5/13	07	16	18	33	36	41	04	1	2億	1億
185	2004/5/6	08	13	14	18	35	41	33	2	1億4962万	0
184	2004/4/29	05	07	23	31	39	42	19	3	2億5244万	0
183	2004/4/22	14	29	31	36	38	40	33	0	0	3億
182	2004/4/15	22	23	28	37	40	43	30	3	1億836万	0
181	2004/4/8	01	02	07	21	29	30	23	4	7800万	0
180	2004/4/1	04	10	11	12	20	36	28	2	1億3645万	0
179	2004/3/25	03	06	11	13	15	16	23	3	9543万	0
178	2004/3/18	10	22	27	30	36	39	04	6	4774万	0
177	2004/3/11	06	18	19	30	36	41	27	4	7487万	0
176	2004/3/4	08	19	25	31	34	37	30	5	6201万	0
175	2004/2/26	02	03	10	22	28	40	43	2	2億4424万	0
174	2004/2/19	02	09	16	36	38	42	06	1	2億	1億
173	2004/2/12	06	10	22	30	31	35	18	7	4303万	0
172	2004/2/5	10	11	22	23	33	34	27	9	3374万	0
171	2004/1/29	05	06	17	23	32	33	39	6	5141万	0
170	2004/1/22	10	12	15	17	30	31	06	4	7523万	0
169	2004/1/15	03	15	17	19	26	36	39	3	1億7629万	0
168	2004/1/8	01	06	31	32	36	39	42	1	2億	2億
167	2003/12/25	10	14	17	19	29	42	02	3	1億7405万	0
166	2003/12/18	14	18	20	28	34	38	17	1	2億	1億
165	2003/12/11	09	11	16	21	25	36	10	2	1億4695万	0
164	2003/12/4	01	02	13	14	35	38	32	5	6633万	0
163	2003/11/27	02	03	11	17	24	34	28	5	1億4205万	0
162	2003/11/20	03	22	25	30	33	37	35	0	0	3億
161	2003/11/13	23	26	28	33	38	42	08	3	1億1380万	0
160	2003/11/6	04	10	20	30	31	32	26	2	3億8026万	0
159	2003/10/30	12	23	30	31	38	42	06	0	0	3億
158	2003/10/23	01	06	12	35	37	38	30	2	3億2856万	0
157	2003/10/16	05	08	17	19	25	27	21	1	4億！	3億
156	2003/10/9	06	20	22	29	30	35	39	0	0	3億
155	2003/10/2	05	06	07	18	22	27	41	6	4228万	0
154	2003/9/25	07	09	18	26	27	38	14	7	3501万	0
153	2003/9/18	04	07	08	12	25	26	41	6	4309万	0
152	2003/9/11	04	08	12	16	31	33	17	5	5508万	0
151	2003/9/4	03	08	17	25	28	32	27	7	3922万	0
150	2003/8/28	10	11	18	20	31	43	27	2	1億4982万	0
149	2003/8/21	08	09	13	20	33	37	19	3	9556万	0
148	2003/8/14	03	16	18	20	28	29	09	3	1億1912万	0
147	2003/8/7	16	18	20	29	30	38	27	1	2億	1億
146	2003/7/31	07	17	27	36	37	39	04	21	1394万	0
145	2003/7/24	01	04	10	21	23	38	07	2	3億6049万	0
144	2003/7/17	01	16	19	33	38	41	43	0	0	3億
143	2003/7/10	17	21	22	27	33	41	43	2	1億4982万	0
142	2003/7/3	02	16	22	27	29	39	38	4	7621万	0
141	2003/6/26	08	09	14	24	32	39	30	5	6072万	0
140	2003/6/19	17	19	29	37	39	40	10	2	1億4613万	0
139	2003/6/12	10	21	22	28	37	41	12	3	9522万	0
138	2003/6/5	07	09	10	16	23	29	18	2	1億4622万	0
137	2003/5/29	10	13	20	22	25	42	14	3	1億396万	0
136	2003/5/22	03	13	26	31	32	39	01	2	1億5557万	0
135	2003/5/15	07	13	30	33	35	36	11	2	1億6114万	0
134	2003/5/8	02	06	11	14	18	19	21	5	9370万	0
133	2003/5/1	17	24	26	35	40	41	16	1	2億	1億
132	2003/4/24	03	18	23	31	32	37	01	4	2億3625万	0
131	2003/4/17	06	30	33	34	40	43	01	0	0	5億
130	2003/4/10	22	30	31	34	38	39	02	1	4億！	1億
129	2003/4/3	06	18	25	26	30	42	24	1	2億	1億
128	2003/3/27	06	10	18	20	29	39	21	3	1億4090万	0
127	2003/3/20	14	16	21	26	37	40	03	1	4億！	7千万
126	2003/3/13	05	06	09	10	21	38	20	1	2億	1億
125	2003/3/6	11	15	19	30	36	41	10	6	1億2112万	0
124	2003/2/27	04	17	23	30	39	40	28	0	0	3億
123	2003/2/20	14	21	26	28	29	31	08	3	2億4426万	0
122	2003/2/13	19	20	21	25	33	42	41	1	4億！	3億
121	2003/2/6	03	08	10	22	28	41	35	0	0	3億
120	2003/1/30	15	18	22	25	36	40	14	2	1億4379万	0
119	2003/1/23	03	04	11	12	15	30	17	5	5245万	0
118	2003/1/16	09	13	21	30	32	37	20	7	4328万	0
117	2003/1/9	05	07	19	20	38	43	04	2	2億2845万	0
116	2002/12/26	08	10	15	16	26	31	42	1	2億	1億
115	2002/12/19	08	09	11	27	37	39	18	3	8770万	0
114	2002/12/12	07	13	14	29	38	42	09	3	9607万	0
113	2002/12/5	03	17	27	29	30	42	06	1	4億！	2百万
112	2002/11/28	16	18	23	25	29	30	41	1	2億	1億
111	2002/11/21	11	15	21	31	32	43	24	6	1億3584万	0
110	2002/11/14	05	06	08	19	37	41	09	0	0	4億
109	2002/11/7	02	05	12	18	30	41	24	1	2億	7千万
108	2002/10/31	09	22	23	25	34	37	08	4	8424万	0
107	2002/10/24	04	05	11	12	28	32	37	1	2億	5千万
106	2002/10/17	08	11	21	22	25	27	26	2	1億2825万	0
105	2002/10/10	01	09	14	22	25	34	18	2	1億3702万	0
104	2002/10/3	01	11	17	26	28	35	12	6	4208万	0
103	2002/9/26	01	16	17	27	29	34	39	3	8920万	0
102	2002/9/19	04	05	18	27	35	36	41	4	1億392万	0
101	2002/9/12	21	27	29	30	36	40	23	1	2億	1億
100	2002/9/5	06	08	11	14	31	33	23	11	3856万	0
99	2002/8/29	05	09	12	28	29	39	27	1	4億！	1億
98	2002/8/22	07	16	34	37	38	39	08	1	4億！	2億
97	2002/8/15	04	10	17	34	35	42	43	0	0	2億
96	2002/8/8	01	13	15	34	36	43	37	2	1億2899万	0
95	2002/8/1	02	03	12	15	25	27	33	5	4383万	0
94	2002/7/25	11	16	17	18	29	40	09	3	1億2904万	0
93	2002/7/18	10	23	33	36	37	41	28	1	2億	1億
92	2002/7/11	05	17	20	24	28	40	16	2	3億2732万	0
91	2002/7/4	13	15	17	26	41	43	06	0	0	3億
90	2002/6/27	13	15	17	18	30	32	09	2	1億3803万	0
89	2002/6/20	03	13	23	30	35	43	21	7	3773万	0
88	2002/6/13	05	06	08	20	21	26	30	4	6472万	0
87	2002/6/6	03	08	12	36	39	41	10	3	9141万	0
86	2002/5/30	03	07	16	24	29	36	26	14	4235万	0
85	2002/5/23	05	13	18	22	23	32	28	0	0	2億
84	2002/5/16	17	19	26	28	35	37	40	17	1569万	0
83	2002/5/9	01	16	21	28	35	37	30	1	3億3804万	0
82	2002/5/2	10	12	19	25	26	39	28	1	2億	5千万
81	2002/4/25	01	11	15	23	26	27	41	3	8211万	0
80	2002/4/18	01	04	12	16	19	34	18	1	3億6117万	0
79	2002/4/11	20	22	27	32	36	43	23	1	2億	8千万
78	2002/4/4	05	14	23	32	33	43	37	7	3885万	0
77	2002/3/28	05	10	15	28	37	38	13	3	8632万	0
76	2002/3/21	01	10	12	16	20	35	29	3	8236万	0
75	2002/3/14	02	04	09	19	23	31	18	3	8727万	0
74	2002/3/7	03	14	27	28	40	43	39	3	2億1669万	0
73	2002/2/28	01	06	15	19	27	36	25	0	0	3億
72	2002/2/21	10	12	24	29	33	37	34	3	8905万	0
71	2002/2/14	01	10	11	13	19	20	03	3	9339万	0
70	2002/2/7	06	11	20	23	24	31	17	1	3億8147万	0
69	2002/1/31	01	09	31	35	40	41	14	1	2億	8千万
68	2002/1/24	16	23	30	35	37	39	38	4	6507万	0
67	2002/1/17	01	04	06	11	18	25	03	5	4713万	0
66	2002/1/10	07	15	17	30	33	35	14	6	4589万	0
65	2001/12/27	02	10	22	23	31	43	28	2	1億3882万	0
64	2001/12/20	02	14	19	22	32	41	09	4	6357万	0
63	2001/12/13	11	16	20	28	34	40	22	3	8609万	0
62	2001/12/6	02	03	09	12	15	30	42	5	4759万	0
61	2001/11/29	04	08	22	25	27	28	06	1	3億3840万	0
60	2001/11/22	20	21	23	28	30	42	29	1	2億	8千万
59	2001/11/15	09	15	17	30	32	41	31	3	8756万	0
58	2001/11/8	04	08	09	13	16	25	28	2	1億1683万	0
57	2001/11/1	02	14	22	27	35	42	34	14	1775万	0
56	2001/10/25	10	13	25	31	32	42	40	2	2億9359万	0
55	2001/10/18	11	12	13	14	37	39	28	0	0	3億
54	2001/10/11	14	25	26	31	37	42	07	1	2億	2千万
53	2001/10/4	02	15	23	37	40	43	25	6	3651万	0
52	2001/9/27	01	16	24	25	36	42	21	3	7230万	0
51	2001/9/20	07	15	24	37	38	41	34	7	2918万	0
50	2001/9/13	05	13	15	25	27	39	40	4	4842万	0
49	2001/9/6	02	13	21	31	32	41	35	2	1億1859万	0
48	2001/8/30	02	05	28	30	33	40	26	3	7626万	0
47	2001/8/23	03	11	14	25	27	31	22	5	40002万	0
46	2001/8/16	11	14	21	24	25	42	41	2	1億1175万	0
45	2001/8/9	07	09	28	32	36	38	08	1	2億	1億
44	2001/8/2	03	16	24	31	34	42	36	3	7442万	0
43	2001/7/26	01	02	03	15	24	26	27	3	7584万	0
42	2001/7/19	04	15	21	24	33	37	09	2	1億3439万	0
41	2001/7/12	18	21	27	33	36	38	23	1	2億	4億
40	2001/7/5	05	17	25	34	38	39	02	2	1億1854万	0
39	2001/6/28	10	18	22	25	39	42	17	8	6731万	0
38	2001/6/21	02	09	26	27	34	43	42	0	0	2億
37	2001/6/14	03	05	09	17	21	41	26	3	8817万	0
36	2001/6/7	01	16	20	23	30	40	17	1	2億	4千万
35	2001/5/31	03	05	13	30	32	41	28	1	2億8237万	0
34	2001/5/24	02	20	25	30	37	40	10	1	2億	4千万
33	2001/5/17	08	17	22	25	29	41	13	2	1億1795万	0
32	2001/5/10	03	06	07	23	29	41	33	2	1億2216万	0
31	2001/5/3	07	18	22	25	28	43	04	3	1億7667万	0
30	2001/4/26	04	16	17	19	26	37	08	0	0	3億
29	2001/4/19	08	12	20	35	37	40	33	9	5733万	0
28	2001/4/12	06	11	15	20	31	41	07	0	0	2億
27	2001/4/5	04	08	20	30	33	38	10	1	2億8218万	0
26	2001/3/29	03	04	11	12	13	43	22	1	2億	3千万
25	2001/3/22	11	32	34	37	40	43	08	2	1億4744万	0
24	2001/3/15	15	18	19	30	36	38	13	1	2億	4億
23	2001/3/8	07	10	28	32	33	40	13	2	1億2383万	0
22	2001/3/1	08	12	16	19	20	35	41	2	2億4691万	0
21	2001/2/22	05	07	13	19	38	41	42	0	0	2億
20	2001/2/15	07	29	33	35	37	39	19	2	1億2307万	0
19	2001/2/8	04	08	12	30	33	43	14	2	1億2527万	0
18	2001/2/1	06	16	18	27	36	41	33	4	1億3021万	0
17	2001/1/25	14	20	25	34	35	36	11	0	0	2億
16	2001/1/18	05	12	13	29	34	35	30	4	1億1469万	0
15	2001/1/11	04	06	11	20	21	28	36	0	0	2億
14	2001/1/4	02	08	11	35	37	38	43	1	1億4184万	0
13	2000/12/28	13	29	31	37	41	42	17	3	9007万	0
12	2000/12/21	14	17	27	28	35	39	22	1	4億！	3億
11	2000/12/14	12	26	32	37	40	42	16	1	4億！	2億
10	2000/12/7	01	03	19	21	35	39	26	0	0	3億
9	2000/11/30	11	19	23	38	39	42	15	1	4億！	6千万
8	2000/11/23	11	16	18	20	42	43	28	0	0	2億
7	2000/11/16	07	19	21	23	33	35	26	1	3億4864万	0
6	2000/11/9	06	12	23	25	28	38	22	1	4億！	1億
5	2000/11/2	09	15	21	23	27	28	43	0	0	3億
4	2000/10/26	16	18	26	27	34	40	13	0	0	1億
3	2000/10/19	01	05	15	31	36	38	13	2	1億2134万	0
2	2000/10/12	01	09	16	20	21	43	05	0	0	1億
1	2000/10/5	02	08	10	13	27	30	39	2	4551万	0